time,ur20-shoulder_pan_joint,ur20-shoulder_lift_joint,ur20-elbow_joint,ur20-wrist_1_joint,ur20-wrist_2_joint,ur20-wrist_3_joint,target-POS_X,target-POS_Y,target-POS_Z,target-ROT_X,target-ROT_Y,target-ROT_Z,target-ROT_W
0.0,-0.43319880962371826,-0.5116091966629028,1.3782380819320679,0.28975722193717957,0.614184558391571,-1.0770158767700195,1.147840142250061,-0.1704833060503006,-0.04259759932756424,0.30370983481407166,0.819460928440094,0.4557552635669708,0.16891267895698547
1.0,-0.44033703207969666,-0.45619213581085205,1.2828432321548462,0.4880616366863251,0.5760827660560608,-1.2681626081466675,1.167210578918457,-0.18474358320236206,-0.04170387238264084,0.2596428394317627,0.8343110680580139,0.4643568694591522,0.14451076090335846
2.0,-0.4448164403438568,-0.4159388840198517,1.221828818321228,0.6143897771835327,0.5623906850814819,-1.393405556678772,1.178894281387329,-0.19467806816101074,-0.04635937511920929,0.23267851769924164,0.8422895669937134,0.46866580843925476,0.129466712474823
3.0,-0.4302692413330078,-0.5289120078086853,1.4175605773925781,0.21104565262794495,0.6366937160491943,-1.006127953529358,1.1383471488952637,-0.16477341949939728,-0.04841724783182144,0.32198426127433777,0.8131508231163025,0.4508265256881714,0.17851431667804718
4.0,-0.43824511766433716,-0.490058958530426,1.3523670434951782,0.3413180410861969,0.6026777029037476,-1.1340081691741943,1.1510555744171143,-0.17706963419914246,-0.050131432712078094,0.291758269071579,0.8242641091346741,0.45743778347969055,0.1619156450033188
5.0,-0.4487415850162506,-0.5679291486740112,1.742540955543518,-2.745433807373047,-0.5561246275901794,1.570826530456543,1.1956828832626343,-0.20719057321548462,-0.05374671518802643,0.19447501003742218,0.8521320223808289,0.4736713469028473,0.10810207575559616
6.0,-0.4489690959453583,-0.5573339462280273,1.771536111831665,-2.8823208808898926,-0.5607932806015015,1.6855789422988892,1.1821924448013306,-0.20140957832336426,-0.05682292580604553,0.22054366767406464,0.8461862802505493,0.4694255590438843,0.12234759330749512
7.0,-0.4505297839641571,-0.5665902495384216,1.7147021293640137,-2.637531042098999,-0.5593384504318237,1.4748709201812744,1.2052329778671265,-0.21441952884197235,-0.060135915875434875,0.17356573045253754,0.8569187521934509,0.4756910800933838,0.09634946286678314
8.0,-0.4454488456249237,-0.5651065707206726,1.609625220298767,-2.295332670211792,-0.5911825299263,1.1910618543624878,1.241117238998413,-0.22787562012672424,-0.06392902135848999,0.1035260483622551,0.8682217597961426,0.48184266686439514,0.057454533874988556
9.0,-0.4524391293525696,-0.5613256096839905,1.6923915147781372,-2.559837818145752,-0.5657669901847839,1.4030086994171143,1.211408019065857,-0.22051012516021729,-0.06865619122982025,0.15782396495342255,0.8604793548583984,0.47647610306739807,0.0873923972249031
10.0,-0.45004019141197205,-0.5634929537773132,1.6532505750656128,-2.430182695388794,-0.5751218199729919,1.298251986503601,1.2259186506271362,-0.22522538900375366,-0.06735926866531372,0.13202379643917084,0.8644959926605225,0.4794325530529022,0.07321781665086746
11.0,-0.45393165946006775,-0.5550159811973572,1.6719372272491455,-2.500380754470825,-0.5720871686935425,1.3490455150604248,1.21726655960083,-0.22592222690582275,-0.07612889260053635,0.14572718739509583,0.8629724979400635,0.4770253598690033,0.08055363595485687
12.0,-0.44844117760658264,-0.5562587976455688,1.6076769828796387,-2.3006627559661865,-0.5939121246337891,1.1886171102523804,1.2397711277008057,-0.23153257369995117,-0.07342466711997986,0.1039525717496872,0.8687097430229187,0.4808599352836609,0.05754123255610466
13.0,-0.442702054977417,-0.5552365183830261,1.562131643295288,-2.1781156063079834,-0.6124619245529175,1.09434974193573,1.2554373741149902,-0.23301726579666138,-0.06887069344520569,0.07681211084127426,0.8711479902267456,0.4831010699272156,0.04259667918086052
14.0,-0.4321545660495758,-0.5420079231262207,1.4771974086761475,-1.9847800731658936,-0.6562583446502686,0.9436864256858826,1.281661868095398,-0.23516729474067688,-0.06639032065868378,0.028842054307460785,0.8739210963249207,0.4849473536014557,0.016004741191864014
15.0,-0.4191894233226776,-0.5149510502815247,1.379002332687378,-1.8107231855392456,-0.7106306552886963,0.8109636306762695,1.311241626739502,-0.2362004518508911,-0.06810233741998672,-0.020463066175580025,0.8742132186889648,0.484978049993515,-0.01135207898914814
16.0,-0.40055033564567566,-0.4826587438583374,1.2675529718399048,-1.6347784996032715,-0.7811959385871887,0.6796661615371704,1.3430683612823486,-0.2314523160457611,-0.0653892457485199,-0.07815516740083694,0.8708410263061523,0.48336920142173767,-0.043380822986364365
17.0,-0.41035494208335876,-0.5040585398674011,1.3300201892852783,-1.7253841161727905,-0.7408385276794434,0.7484859228134155,1.325648307800293,-0.23336277902126312,-0.06373992562294006,-0.04671437665820122,0.8729450106620789,0.48488298058509827,-0.025947807356715202
18.0,-0.42294028401374817,-0.5336821675300598,1.421021580696106,-1.8710501194000244,-0.6850825548171997,0.8609801530838013,1.2995141744613647,-0.23346365988254547,-0.059750527143478394,-0.0009143751813098788,0.8737245798110962,0.48642006516456604,-0.0005090511403977871
19.0,-0.4130692780017853,-0.5212693214416504,1.365054965019226,-1.7721376419067383,-0.7184981107711792,0.7883592247962952,1.3166227340698242,-0.23077526688575745,-0.05566355586051941,-0.03036779910326004,0.8732630014419556,0.4860081076622009,-0.01690097711980343
20.0,-0.40228724479675293,-0.4982614517211914,1.2932265996932983,-1.6594661474227905,-0.764600396156311,0.7021195888519287,1.3363404273986816,-0.22915101051330566,-0.0565754696726799,-0.06745214760303497,0.8710750937461853,0.48504406213760376,-0.0375596359372139
21.0,-0.3911096751689911,-0.47407475113868713,1.2264645099639893,-1.5698999166488647,-0.8093597888946533,0.6343254446983337,1.3548452854156494,-0.22609907388687134,-0.058605343103408813,-0.10088400542736053,0.8682310581207275,0.48254889249801636,-0.05606970936059952
22.0,-0.38260123133659363,-0.45215439796447754,1.1722667217254639,-1.5029219388961792,-0.8465392589569092,0.5827860832214355,1.3689217567443848,-0.22402827441692352,-0.062084972858428955,-0.12759914994239807,0.8647778630256653,0.48047035932540894,-0.07089405506849289
23.0,-0.3601815104484558,-0.4136047959327698,1.0636354684829712,-1.3730415105819702,-0.9248570203781128,0.4882676601409912,1.3972899913787842,-0.21220235526561737,-0.059238068759441376,-0.1833222210407257,0.8547318577766418,0.4748214781284332,-0.1018393412232399
24.0,-0.38247302174568176,-0.46461519598960876,1.1869983673095703,-1.5094294548034668,-0.83757084608078,0.5913271307945251,1.365280032157898,-0.22126345336437225,-0.05291198939085007,-0.12288232892751694,0.8648870587348938,0.48185408115386963,-0.06846136599779129
25.0,-0.37211862206459045,-0.44896411895751953,1.139331579208374,-1.4497700929641724,-0.871540904045105,0.5484865307807922,1.3783869743347168,-0.2156091034412384,-0.05044998228549957,-0.1476094275712967,0.8612020611763,0.4793659448623657,-0.08216299116611481
26.0,-0.3488147556781769,-0.41070303320884705,1.0320533514022827,-1.3249480724334717,-0.9518662095069885,0.45742395520210266,1.4056316614151,-0.20207247138023376,-0.04652198404073715,-0.20371709764003754,0.8496916890144348,0.47293418645858765,-0.11338791996240616
27.0,-0.3335983455181122,-0.3863314092159271,0.9659157395362854,-1.2534873485565186,-1.004072904586792,0.4050504267215729,1.4212920665740967,-0.19214914739131927,-0.043708041310310364,-0.23880761861801147,0.8403638601303101,0.46804800629615784,-0.1330059915781021
28.0,-0.31626608967781067,-0.36011233925819397,0.897125244140625,-1.1862224340438843,-1.0599395036697388,0.3553237020969391,1.4373823404312134,-0.17951700091362,-0.040996842086315155,-0.2754662036895752,0.829339325428009,0.46133920550346375,-0.15323443710803986
29.0,-0.3455466330051422,-0.41765859723091125,1.0316787958145142,-1.312251091003418,-0.9562238454818726,0.45070919394493103,1.4054347276687622,-0.1977546513080597,-0.036964766681194305,-0.20790135860443115,0.8481705188751221,0.47321194410324097,-0.1159924790263176
30.0,-0.3665160834789276,-0.4494718909263611,1.1240724325180054,-1.4209604263305664,-0.8851360082626343,0.5297502279281616,1.3822659254074097,-0.21064633131027222,-0.042345963418483734,-0.158455029129982,0.858867883682251,0.4789872169494629,-0.08836973458528519
31.0,-0.38230404257774353,-0.47946903109550476,1.2051969766616821,-1.519636631011963,-0.826280951499939,0.6034736633300781,1.3608934879302979,-0.2178659737110138,-0.04227425158023834,-0.11668799817562103,0.8652145862579346,0.4832596480846405,-0.06517527997493744
32.0,-0.39220669865608215,-0.4927947223186493,1.253818392753601,-1.5921928882598877,-0.791688859462738,0.6562420129776001,1.348004698753357,-0.22274093329906464,-0.04692882299423218,-0.0901084840297699,0.8687320351600647,0.4844179153442383,-0.05024583265185356
33.0,-0.4009241759777069,-0.5102760195732117,1.3043254613876343,-1.6623622179031372,-0.757420003414154,0.7093086838722229,1.333905816078186,-0.2253355234861374,-0.046229250729084015,-0.06432711333036423,0.8706627488136292,0.486330509185791,-0.03593152016401291
34.0,-0.41000667214393616,-0.5287449359893799,1.3640336990356445,-1.7578926086425781,-0.7192283868789673,0.7820584177970886,1.3175784349441528,-0.22693370282649994,-0.04640067368745804,-0.03332393243908882,0.8726288676261902,0.4868908226490021,-0.018593374639749527
35.0,-0.3929092288017273,-0.5106900930404663,1.278770923614502,-1.6118890047073364,-0.7754376530647278,0.676457941532135,1.341671347618103,-0.2192121148109436,-0.03522150218486786,-0.0804005116224289,0.8689414858818054,0.4862634241580963,-0.04499247670173645
36.0,-0.4038075804710388,-0.529359757900238,1.3413352966308594,-1.7086906433105469,-0.7336872220039368,0.748954176902771,1.3243962526321411,-0.2226959764957428,-0.037340834736824036,-0.04743759706616402,0.8713940382003784,0.48756304383277893,-0.02654232084751129
37.0,-0.4133240282535553,-0.5516960620880127,1.4103221893310547,-1.822181224822998,-0.6895520687103271,0.8376645445823669,1.3054393529891968,-0.2230747938156128,-0.03499634563922882,-0.011540441773831844,0.8724076747894287,0.4885999262332916,-0.006463329773396254
38.0,-0.4181024730205536,-0.5470622777938843,1.4222232103347778,-1.854526400566101,-0.6829513907432556,0.8571881651878357,1.3010035753250122,-0.22711345553398132,-0.04434257000684738,-0.003377466695383191,0.8728885650634766,0.4879043996334076,-0.0018878479022532701
39.0,-0.4243534207344055,-0.5647920966148376,1.4806166887283325,-1.961978793144226,-0.6503843665122986,0.942048192024231,1.2843753099441528,-0.2249719500541687,-0.04088515043258667,0.026294197887182236,0.8725459575653076,0.4876026213169098,0.014693919569253922
40.0,-0.43621522188186646,-0.57809978723526,1.5741064548492432,-2.178945302963257,-0.6031122803688049,1.1102954149246216,1.2556637525558472,-0.22337287664413452,-0.045544713735580444,0.07909424602985382,0.8696451783180237,0.485297292470932,0.04413779079914093
41.0,-0.4322819411754608,-0.566749095916748,1.5244797468185425,-2.0661399364471436,-0.627324640750885,1.0189536809921265,1.27035391330719,-0.22718381881713867,-0.04901563376188278,0.05213908106088638,0.8717526197433472,0.4862951338291168,0.02908506616950035
42.0,-0.4268306493759155,-0.5525490045547485,1.4704430103302002,-1.9540331363677979,-0.6581417918205261,0.9282322525978088,1.285605788230896,-0.2297680675983429,-0.05247274041175842,0.022515777498483658,0.873291015625,0.48651671409606934,0.012543701566755772
43.0,-0.4346855580806732,-0.556760847568512,1.5175938606262207,-2.062377452850342,-0.6326621770858765,1.009535312652588,1.2708584070205688,-0.23126104474067688,-0.05889144539833069,0.050014156848192215,0.8724609613418579,0.485321044921875,0.027821214869618416
44.0,-0.4393271803855896,-0.5715914964675903,1.57943594455719,-2.201246500015259,-0.602499783039093,1.1223770380020142,1.2525265216827393,-0.22607533633708954,-0.05362313985824585,0.08335661888122559,0.869749128818512,0.4841846525669098,0.04640417918562889
45.0,-0.4440455436706543,-0.575634777545929,1.6321202516555786,-2.3499372005462646,-0.5795659422874451,1.2428401708602905,1.2359421253204346,-0.22242355346679688,-0.053776346147060394,0.11616885662078857,0.8659509420394897,0.48213115334510803,0.06467874348163605
46.0,-0.4458158016204834,-0.5785467624664307,1.6732698678970337,-2.4750077724456787,-0.5664300918579102,1.3461110591888428,1.2222867012023926,-0.21705633401870728,-0.05148947238922119,0.14178001880645752,0.862180769443512,0.4799111783504486,0.07891827821731567
47.0,-0.44251325726509094,-0.5833352208137512,1.6451612710952759,-2.3811020851135254,-0.5726835131645203,1.274078607559204,1.2332533597946167,-0.21845436096191406,-0.04586486518383026,0.12331557273864746,0.864414632320404,0.48253700137138367,0.06883770227432251
48.0,-0.4454277753829956,-0.5803856253623962,1.7249858379364014,-2.6635169982910156,-0.5541436076164246,1.5098075866699219,1.2052644491195679,-0.20729851722717285,-0.04388589411973953,0.17921850085258484,0.8547714948654175,0.47671380639076233,0.09995177388191223
49.0,-0.4428708851337433,-0.5879321694374084,1.6893372535705566,-2.52195405960083,-0.5598071217536926,1.3940023183822632,1.2192797660827637,-0.21112525463104248,-0.040343694388866425,0.15175215899944305,0.8599368929862976,0.4799038767814636,0.08468814194202423
50.0,-0.4435061812400818,-0.579437255859375,1.7545644044876099,-2.7864181995391846,-0.5536773800849915,1.6183937788009644,1.1945075988769531,-0.19964176416397095,-0.03872726857662201,0.20272165536880493,0.8494691848754883,0.473834753036499,0.11307835578918457
51.0,-0.4400690495967865,-0.5915323495864868,1.651677131652832,-2.3917338848114014,-0.568725049495697,1.289057970046997,1.2327935695648193,-0.21460846066474915,-0.03723350167274475,0.12600009143352509,0.8635599613189697,0.4831346869468689,0.07049308717250824
52.0,-0.4363420903682709,-0.588384747505188,1.604265809059143,-2.2521700859069824,-0.5879288911819458,1.1751205921173096,1.2479360103607178,-0.2184918224811554,-0.03776542842388153,0.09621725231409073,0.8675774335861206,0.48493242263793945,0.053780633956193924
53.0,-0.4286670684814453,-0.5822865962982178,1.535879373550415,-2.0744292736053467,-0.6185593008995056,1.0356489419937134,1.2692615985870361,-0.220851868391037,-0.03376208245754242,0.05599858984351158,0.8705956339836121,0.4877939522266388,0.031375959515571594
54.0,-0.4356309175491333,-0.597410261631012,1.6269992589950562,-2.309067964553833,-0.5765489935874939,1.2273094654083252,1.2423176765441895,-0.2138519585132599,-0.02970518171787262,0.10919806361198425,0.8655394911766052,0.4849473834037781,0.06118185818195343
55.0,-0.4368640184402466,-0.6013093590736389,1.6845288276672363,-2.4990108013153076,-0.5718449354171753,1.3870699405670166,1.2242375612258911,-0.20662957429885864,-0.02692926675081253,0.1472645401954651,0.8635167479515076,0.4754753112792969,0.08108778297901154
56.0,-0.40938296914100647,-0.6151725649833679,1.5871670246124268,-2.2684876918792725,-0.7356098890304565,1.2080546617507935,1.2630821466445923,-0.20423689484596252,-0.010975837707519531,0.07654865831136703,0.9039449095726013,0.4192415475845337,0.035502586513757706
57.0,-0.39334338903427124,-0.6111706495285034,1.52833092212677,-2.163361072540283,-0.814059853553772,1.1150786876678467,1.2853584289550781,-0.2010706067085266,-0.004695311188697815,0.03106590546667576,0.9184721112251282,0.39403843879699707,0.013327743858098984
58.0,-0.42016637325286865,-0.5720000863075256,1.4733901023864746,-1.9357470273971558,-0.6524904370307922,0.9283680319786072,1.287889003753662,-0.22096213698387146,-0.030467048287391663,0.020865950733423233,0.8720693588256836,0.4887973368167877,0.011695425026118755
59.0,-0.4029121398925781,-0.539662778377533,1.352481722831726,-1.7160226106643677,-0.7264260053634644,0.7588465213775635,1.3218653202056885,-0.219534233212471,-0.0290725976228714,-0.043586891144514084,0.8711509108543396,0.48846596479415894,-0.024439750239253044
60.0,-0.3740142583847046,-0.6122821569442749,1.4924914836883545,-2.1280527114868164,-0.9086624979972839,1.0722975730895996,1.3014917373657227,-0.1929841935634613,0.004029124975204468,-0.005899716634303331,0.934836745262146,0.35502174496650696,-0.002240527421236038
61.0,-0.36668768525123596,-0.5963013172149658,1.4359935522079468,-2.024390459060669,-0.9305353164672852,0.9733154773712158,1.3193955421447754,-0.19266554713249207,0.0032964348793029785,-0.047288112342357635,0.932317852973938,0.3580746352672577,-0.018161911517381668
62.0,-0.3429197371006012,-0.6011304259300232,1.4197708368301392,-2.045435905456543,-1.0364751815795898,0.957748293876648,1.3314329385757446,-0.17849276959896088,0.012978345155715942,-0.08318854868412018,0.9477218389511108,0.30688366293907166,-0.026937449350953102
63.0,-0.32301583886146545,-0.5956372618675232,1.386535882949829,-2.022965669631958,-1.1135010719299316,0.8973143100738525,1.3468592166900635,-0.16704271733760834,0.018305808305740356,-0.12975089251995087,0.9519967436790466,0.2747090458869934,-0.03744104132056236
64.0,-0.30319127440452576,-0.5651988983154297,1.2960286140441895,-1.892566204071045,-1.168256163597107,0.7348430156707764,1.3762563467025757,-0.1566000133752823,0.017960160970687866,-0.21338003873825073,0.9362416863441467,0.27216365933418274,-0.0620291568338871
65.0,-0.27597400546073914,-0.582743763923645,1.3261724710464478,-2.0020711421966553,-1.2779791355133057,0.7297540307044983,1.3777506351470947,-0.13498426973819733,0.02796199917793274,-0.2506770193576813,0.944851279258728,0.20370624959468842,-0.05404498800635338
66.0,-0.27252933382987976,-0.6202387809753418,1.4274834394454956,-2.191849708557129,-1.327652096748352,0.9068640470504761,1.3490192890167236,-0.12975339591503143,0.03425595164299011,-0.18112514913082123,0.9716475605964661,0.14939595758914948,-0.027848947793245316
67.0,-0.2845863997936249,-0.6265983581542969,1.4495986700057983,-2.211709499359131,-1.2890877723693848,0.98580002784729,1.3388416767120361,-0.13753066956996918,0.03288149833679199,-0.13492503762245178,0.9768039584159851,0.16471680998802185,-0.0227521825581789
68.0,-0.2998456060886383,-0.6310431361198425,1.4687062501907349,-2.2187187671661377,-1.2347992658615112,1.0433565378189087,1.3284344673156738,-0.14707091450691223,0.030283570289611816,-0.0957125723361969,0.9769383668899536,0.18995855748653412,-0.01861061528325081
69.0,-0.32698795199394226,-0.6325516700744629,1.4927101135253906,-2.2190792560577393,-1.126777172088623,1.10655677318573,1.3141274452209473,-0.16346563398838043,0.023881301283836365,-0.043285951018333435,0.9693017601966858,0.24179306626319885,-0.01079771388322115
70.0,-0.3278040885925293,-0.6479689478874207,1.5417510271072388,-2.3113906383514404,-1.1366021633148193,1.2190412282943726,1.297327995300293,-0.16031990945339203,0.025942444801330566,0.004820804577320814,0.9737913608551025,0.22738932073116302,0.0011257027508690953
71.0,-0.28417715430259705,-0.6698391437530518,1.5832151174545288,-2.434739589691162,-1.333844780921936,1.3630796670913696,1.2881895303726196,-0.12912514805793762,0.03698648512363434,0.04086045175790787,0.9918496608734131,0.12058188021183014,0.004967516753822565
72.0,-0.27343639731407166,-0.6809775829315186,1.6162495613098145,-2.491643190383911,-1.3821933269500732,1.4940026998519897,1.2746930122375488,-0.1187010332942009,0.03869962692260742,0.09840021282434464,0.990656316280365,0.09397029131650925,0.00933391135185957
73.0,-0.3344970941543579,-0.6710331439971924,1.6362900733947754,-2.4867048263549805,-1.122463345527649,1.4573464393615723,1.261228322982788,-0.15474720299243927,0.0264146625995636,0.1129571944475174,0.9681310057640076,0.22201810777187347,0.025904078036546707
74.0,-0.3329833447933197,-0.6568530797958374,1.5781583786010742,-2.3740975856781006,-1.1208652257919312,1.3046624660491943,1.283311367034912,-0.16015997529029846,0.02559870481491089,0.04566651210188866,0.9721224308013916,0.22973059117794037,0.010791845619678497
75.0,-0.36624038219451904,-0.6478685140609741,1.6008819341659546,-2.3795342445373535,-0.9685397744178772,1.3197476863861084,1.269245982170105,-0.17791451513767242,0.01376160979270935,0.07617276161909103,0.9497087597846985,0.30275654792785645,0.024283023551106453
76.0,-0.3900544345378876,-0.640842080116272,1.6355427503585815,-2.4280173778533936,-0.8523263931274414,1.3636248111724854,1.2524864673614502,-0.18778318166732788,0.0036848783493041992,0.10932938009500504,0.9278483390808105,0.35412371158599854,0.04172677546739578
77.0,-0.3667362332344055,-0.6659901142120361,1.7026804685592651,-2.616471767425537,-0.9742626547813416,1.5867892503738403,1.2319424152374268,-0.16503003239631653,0.015452593564987183,0.18050304055213928,0.9386404752731323,0.2886045277118683,0.05549940839409828
78.0,-0.3119966983795166,-0.687011182308197,1.6760364770889282,-2.5784525871276855,-1.222569465637207,1.6253477334976196,1.2473845481872559,-0.13580068945884705,0.03213757276535034,0.17789971828460693,0.9686380624771118,0.17061665654182434,0.031335391104221344
79.0,-0.3193759024143219,-0.6920398473739624,1.7181742191314697,-2.6584739685058594,-1.187531590461731,1.7341128587722778,1.2291393280029297,-0.13399316370487213,0.030054345726966858,0.22883376479148865,0.9541915655136108,0.18743784725666046,0.04495125263929367
80.0,-0.34803709387779236,-0.6818241477012634,1.7612508535385132,-2.7609782218933105,-1.056597352027893,1.7931687831878662,1.2095863819122314,-0.1442941129207611,0.021139085292816162,0.25818368792533875,0.9306005239486694,0.2500244677066803,0.0693662166595459
81.0,-0.3494386672973633,-0.6792051792144775,1.7967174053192139,-2.8615005016326904,-1.0422214269638062,1.9047099351882935,1.1944564580917358,-0.1385030299425125,0.018878251314163208,0.30093449354171753,0.913642406463623,0.25958681106567383,0.08550240099430084
82.0,-0.3385826647281647,-0.68429034948349,1.8182141780853271,-2.9145076274871826,-1.0821785926818848,1.996636152267456,1.1853728294372559,-0.1275334656238556,0.02084772288799286,0.3364101052284241,0.9047871828079224,0.24475832283496857,0.0910039097070694
83.0,-0.36033496260643005,-0.6521490216255188,1.8651913404464722,-3.115267276763916,-0.9692950248718262,2.1171629428863525,1.161237120628357,-0.1294349730014801,0.008421719074249268,0.36866044998168945,0.8682730197906494,0.3055497407913208,0.12973351776599884
84.0,-0.38656699657440186,-0.6545885801315308,1.7447154521942139,-2.7221124172210693,-0.8747538924217224,1.6660577058792114,1.2124857902526855,-0.1697084903717041,0.006541520357131958,0.21405087411403656,0.914962887763977,0.33309563994407654,0.07792602479457855
85.0,-0.41529300808906555,-0.6268287301063538,1.7229604721069336,-2.6531035900115967,-0.7152643203735352,1.5524846315383911,1.2160770893096924,-0.18923752009868622,-0.009593084454536438,0.18222886323928833,0.8914425373077393,0.4064711034297943,0.0830909013748169
86.0,-0.41067469120025635,-0.4541347026824951,1.2059396505355835,0.6820761561393738,0.7391611337661743,-1.3864834308624268,1.1923353672027588,-0.17557990550994873,-0.007942110300064087,0.24110138416290283,0.8806543350219727,0.39334622025489807,0.10768847167491913
87.0,-0.4116859436035156,-0.48861441016197205,1.273577094078064,0.5496141314506531,0.7267338633537292,-1.2591986656188965,1.1765879392623901,-0.1685875803232193,-0.011074602603912354,0.2753729522228241,0.8643843531608582,0.4008740782737732,0.1277092546224594
88.0,-0.41192302107810974,-0.5274206399917603,1.3525066375732422,0.38785186409950256,0.7148330211639404,-1.111013650894165,1.1584827899932861,-0.15965095162391663,-0.01569031924009323,0.31101202964782715,0.8427658081054688,0.4121667146682739,0.15210489928722382
89.0,-0.44071537256240845,-0.380831241607666,1.1423646211624146,0.7911604642868042,0.5507864356040955,-1.5495530366897583,1.1998974084854126,-0.19833019375801086,-0.02975204586982727,0.19548825919628143,0.8505411744117737,0.47581928968429565,0.10936224460601807
90.0,-0.44058841466903687,-0.4286668002605438,1.226696252822876,0.6076767444610596,0.5609656572341919,-1.376516342163086,1.1807864904403687,-0.1900714933872223,-0.03428993374109268,0.2343590408563614,0.8411072492599487,0.4695703685283661,0.13083712756633759
91.0,-0.4337450861930847,-0.4915325939655304,1.3274109363555908,0.3954932391643524,0.5911898612976074,-1.1686997413635254,1.1609382629394531,-0.17500361800193787,-0.03159801661968231,0.28037670254707336,0.8271422982215881,0.4612770974636078,0.15635927021503448
92.0,-0.4281022846698761,-0.5286656022071838,1.3941960334777832,0.2586499750614166,0.6231741309165955,-1.0379537343978882,1.1470264196395874,-0.16475437581539154,-0.03380708396434784,0.3114629089832306,0.8161963820457458,0.4546568989753723,0.17349837720394135
93.0,-0.41685059666633606,-0.5707871317863464,1.4584962129592896,0.13084904849529266,0.667909562587738,-0.9053704142570496,1.136065125465393,-0.15073728561401367,-0.02809351682662964,0.3440070152282715,0.8033057451248169,0.44691237807273865,0.1913853883743286
94.0,-0.3928042948246002,-0.6087732315063477,1.5056531429290771,0.07706905901432037,0.7854877710342407,-0.8052467703819275,1.127029299736023,-0.13130879402160645,-0.019933655858039856,0.38917624950408936,0.8006225228309631,0.4097297191619873,0.19916638731956482
95.0,-0.36095404624938965,-0.6344858407974243,1.520792007446289,0.10002037137746811,0.9269862174987793,-0.7368332743644714,1.1236552000045776,-0.11032934486865997,-0.008112624287605286,0.43566638231277466,0.8023212552070618,0.3585619330406189,0.19470179080963135
96.0,-0.33225110173225403,-0.6046333312988281,1.4131488800048828,0.3593435287475586,1.069554328918457,-0.8451600074768066,1.1474674940109253,-0.1048629954457283,0.012324526906013489,0.43612295389175415,0.844495415687561,0.2761889100074768,0.14263230562210083
97.0,-0.318858802318573,-0.6395851373672485,1.4844403266906738,0.22464051842689514,1.1003080606460571,-0.6911318302154541,1.1311572790145874,-0.08809150755405426,0.008652478456497192,0.48361992835998535,0.8105238080024719,0.28372928500175476,0.16929440200328827
98.0,-0.30155202746391296,-0.6517946720123291,1.500886082649231,0.20181024074554443,1.1561332941055298,-0.6132845878601074,1.1272072792053223,-0.07500319182872772,0.010478347539901733,0.5140335559844971,0.7955690622329712,0.269353449344635,0.17403480410575867
99.0,-0.27081984281539917,-0.5972464084625244,1.3574285507202148,0.49711495637893677,1.2962346076965332,-0.6964952945709229,1.1587295532226562,-0.06969055533409119,0.028539612889289856,0.5121525526046753,0.8339754343032837,0.17502155900001526,0.10748247057199478
100.0,-0.2501484751701355,-0.6072172522544861,1.371898889541626,0.4774574041366577,1.3513742685317993,-0.5680835843086243,1.1544275283813477,-0.052834652364254,0.02970196306705475,0.5603711009025574,0.8049073815345764,0.16021117568016052,0.11153795570135117
101.0,-0.21865077316761017,-0.6214827299118042,1.3950012922286987,0.4383947551250458,1.4279526472091675,-0.3627035617828369,1.1482042074203491,-0.026730641722679138,0.03013184666633606,0.6326075792312622,0.7504563927650452,0.1463204026222229,0.12334281951189041
102.0,-0.2619720995426178,-0.6560099720954895,1.4871249198913574,0.24804769456386566,1.2856322526931763,-0.48371559381484985,1.1293641328811646,-0.04978092014789581,0.01807476580142975,0.5725996494293213,0.77143394947052,0.222844660282135,0.16540728509426117
103.0,-0.25050073862075806,-0.6824085712432861,1.550097942352295,0.11251591891050339,1.3082658052444458,-0.36934781074523926,1.1164997816085815,-0.036874301731586456,0.01157456636428833,0.6011792421340942,0.7346152663230896,0.24340541660785675,0.1991930902004242
104.0,-0.22468023002147675,-0.6762645840644836,1.5237239599227905,0.17271903157234192,1.3903602361679077,-0.2843766212463379,1.121618628501892,-0.02174677699804306,0.016869783401489258,0.6393557190895081,0.7144280672073364,0.2118401974439621,0.18957996368408203
105.0,-0.18244707584381104,-0.6249293684959412,1.3967210054397583,0.4255886673927307,1.5423511266708374,-0.07246483117341995,1.1477833986282349,-0.0029096687212586403,0.030673399567604065,0.7301216125488281,0.6574780941009521,0.12455416470766068,0.13831591606140137
106.0,-0.19025307893753052,-0.6841748356819153,1.537166714668274,0.13409413397312164,1.506001353263855,-0.09772135317325592,1.1192909479141235,-0.0006877356208860874,0.015943288803100586,0.7011502385139465,0.6517090797424316,0.19692234694957733,0.21186164021492004
107.0,-0.15158680081367493,-0.6759834885597229,1.5189940929412842,0.15446406602859497,1.6369963884353638,0.10209903866052628,1.1229861974716187,0.021460162475705147,0.01578730344772339,0.7639151215553284,0.5792801976203918,0.17182587087154388,0.22659221291542053
108.0,-0.1035996824502945,-0.639488160610199,1.4470715522766113,0.27273210883140564,1.7983508110046387,0.39971670508384705,1.13682222366333,0.04888883978128433,0.016517609357833862,0.8437747955322266,0.46661272644996643,0.12832704186439514,0.23205353319644928
109.0,-0.09625492990016937,-0.5772536993026733,1.31580650806427,0.530097484588623,1.820822834968567,0.6709700226783752,1.163870096206665,0.05120331048965454,0.026007801294326782,0.9101190567016602,0.36632028222084045,0.0722990408539772,0.17962628602981567
110.0,-0.12621542811393738,-0.6089752912521362,1.36990487575531,0.44712159037590027,1.7302014827728271,0.39611324667930603,1.1530390977859497,0.0316140353679657,0.027923107147216797,0.8559930324554443,0.47834351658821106,0.0956711545586586,0.17120298743247986
111.0,-0.10697560757398605,-0.5314100980758667,1.2230925559997559,0.7091604471206665,1.7994047403335571,0.9226738214492798,1.1837875843048096,0.039865054190158844,0.03326478600502014,0.9564626216888428,0.25525349378585815,0.036487944424152374,0.1367242932319641
112.0,-0.10063392668962479,-0.48311570286750793,1.1342617273330688,0.8467764258384705,1.8160321712493896,1.2787061929702759,1.2053513526916504,0.042659468948841095,0.03418546915054321,0.9877179265022278,0.09036609530448914,0.011613239534199238,0.12693482637405396
113.0,-0.08807621896266937,-0.4791311025619507,1.1326242685317993,0.8483437299728394,1.8251264095306396,1.3028744459152222,1.2045000791549683,0.05644666403532028,0.030708014965057373,0.9877232313156128,0.08466937392950058,0.011212329380214214,0.1307990998029709
114.0,-0.09242896735668182,-0.4721314311027527,1.1143531799316406,0.8618307113647461,1.8214821815490723,1.3075929880142212,1.2121280431747437,0.05106472969055176,0.03208276629447937,0.9883455038070679,0.08041125535964966,0.010481595993041992,0.1288307011127472
115.0,-0.09163675457239151,-0.46077361702919006,1.089343547821045,0.8804154992103577,1.8209431171417236,1.3258055448532104,1.2215765714645386,0.051233865320682526,0.03206107020378113,0.9890961050987244,0.07212378829717636,0.009338140487670898,0.12806202471256256
116.0,-0.1002485528588295,-0.4653753340244293,1.094696283340454,0.8763648867607117,1.8152759075164795,1.3076667785644531,1.2205108404159546,0.041711270809173584,0.034460604190826416,0.9890469908714294,0.0767449140548706,0.009753860533237457,0.12570250034332275
117.0,-0.124592125415802,-0.48752927780151367,1.1343193054199219,0.8551365733146667,1.7400431632995605,1.1821138858795166,1.2071220874786377,0.02519591525197029,0.038267120718955994,0.9875450134277344,0.12822823226451874,0.011739768087863922,0.09041338413953781
118.0,-0.13661257922649384,-0.5267478227615356,1.2068192958831787,0.7562305927276611,1.7016481161117554,0.7672187089920044,1.1880792379379272,0.01924423687160015,0.03844693303108215,0.9421934485435486,0.3217458724975586,0.030231215059757233,0.08852841705083847
119.0,-0.14442087709903717,-0.4842815697193146,1.1223777532577515,0.872594952583313,1.6729694604873657,-1.7158334255218506,1.212587594985962,0.010860334150493145,0.04077373445034027,0.0012268375139683485,0.9982449412345886,-0.054835643619298935,0.02233373001217842
120.0,-0.1341918706893921,-0.4713743031024933,1.0956382751464844,0.8886663913726807,1.7033694982528687,1.1577539443969727,1.2223622798919678,0.0172194205224514,0.039915531873703,0.9879739284515381,0.1367131471633911,0.009900502860546112,0.07154717296361923
121.0,-0.1618955433368683,-0.7166317701339722,1.720114827156067,-2.620631694793701,-1.6119792461395264,1.4088871479034424,1.2234009504318237,-0.0025856252759695053,0.04133369028568268,0.0004703568120021373,0.9995195269584656,-0.02405007742345333,0.019547995179891586
122.0,-0.17662708461284637,-0.7249822020530701,1.7414419651031494,-2.632701873779297,-1.5682880878448486,1.3943507671356201,1.2117295265197754,-0.011708321049809456,0.04143106937408447,6.22682273387909e-05,0.9997411370277405,-0.0027559776790440083,0.022588031366467476
123.0,-0.1737140715122223,-0.7305362224578857,1.7599788904190063,-2.653456449508667,-1.5817897319793701,1.397295594215393,1.2014262676239014,-0.008480454795062542,0.04138264060020447,0.000252852332778275,0.9996309876441956,-0.010007847100496292,0.025256086140871048
124.0,-0.19459016621112823,-0.7309893369674683,1.8189880847930908,-2.816470146179199,-1.513993501663208,2.798633575439453,1.180227518081665,-0.018809068948030472,0.039241090416908264,0.6487694978713989,0.7563723921775818,0.06350035965442657,0.05446669086813927
125.0,-0.21047984063625336,-0.7282032370567322,1.8359711170196533,-2.8721814155578613,-1.4762765169143677,2.692979574203491,1.174286127090454,-0.030451979488134384,0.03792572021484375,0.6109358072280884,0.7843626141548157,0.08472335338592529,0.06599055975675583
126.0,-0.1908128559589386,-0.7305967807769775,1.7571183443069458,-2.6436448097229004,-1.5487072467803955,1.3801746368408203,1.2028388977050781,-0.024157265201210976,0.041400179266929626,-0.00016024788783397526,0.9996708035469055,0.006450878456234932,0.024833068251609802
127.0,-0.21169741451740265,-0.7298393845558167,1.8047627210617065,-2.782684803009033,-1.492046594619751,2.622941493988037,1.186669111251831,-0.037030745297670364,0.03947678208351135,0.5866813063621521,0.8059698939323425,0.06375062465667725,0.046405330300331116
128.0,-0.20156680047512054,-0.7279017567634583,1.7481293678283691,-2.6332507133483887,-1.5418397188186646,1.3693711757659912,1.2074832916259766,-0.03702601045370102,0.04140155017375946,-0.00023485500423703343,0.9996723532676697,0.009956921450793743,0.02357937954366207
129.0,-0.23124416172504425,-0.7268035411834717,1.8096439838409424,-2.807180881500244,-1.4473384618759155,2.4694788455963135,1.186017632484436,-0.05323779582977295,0.0384693443775177,0.5287950038909912,0.8430495858192444,0.08318950980901718,0.05217985063791275
130.0,-0.21066397428512573,-0.7261670231819153,1.7463576793670654,-2.6386349201202393,-1.5303682088851929,1.3602815866470337,1.209236741065979,-0.04665769636631012,0.041259974241256714,-0.00040691893082112074,0.9995120167732239,0.014781970530748367,0.02751462161540985
131.0,-0.20996885001659393,-0.7163792252540588,1.7128642797470093,-2.598917007446289,-1.5397865772247314,1.360874056816101,1.2263948917388916,-0.050951793789863586,0.041437238454818726,-0.0002219325688201934,0.9997547268867493,0.011865918524563313,0.01869877427816391
132.0,-0.21854566037654877,-0.7223979830741882,1.7338169813156128,-2.6240174770355225,-1.52456533908844,1.3523002862930298,1.215590238571167,-0.056771740317344666,0.041262924671173096,-0.00045828684233129025,0.9995145201683044,0.018029319122433662,0.02540663443505764
133.0,-0.2408595234155655,-0.7247607111930847,1.7967056035995483,-2.780947685241699,-1.4309711456298828,2.3552005290985107,1.1920177936553955,-0.06367413699626923,0.0384821891784668,0.483903169631958,0.8696187734603882,0.08562110364437103,0.04764424264431
134.0,-0.2803449034690857,-0.7064675688743591,1.8567276000976562,-2.9860687255859375,-1.2785546779632568,2.326348304748535,1.1688090562820435,-0.08110705018043518,0.0297841876745224,0.46881529688835144,0.8615667223930359,0.17103616893291473,0.09306808561086655
135.0,-0.2609921395778656,-0.7193077206611633,1.7889591455459595,-2.7793915271759033,-1.3795721530914307,2.2051408290863037,1.1968483924865723,-0.08125932514667511,0.037181854248046875,0.42387449741363525,0.898045539855957,0.10640599578619003,0.050223276019096375
136.0,-0.2952800691127777,-0.7065879106521606,1.807376503944397,-2.856152057647705,-1.2552542686462402,2.112382650375366,1.190985083580017,-0.1021215170621872,0.03130796551704407,0.38634559512138367,0.9044216275215149,0.16644351184368134,0.07110036909580231
137.0,-0.2243981510400772,-0.717613697052002,1.7171380519866943,-2.603097915649414,-1.5233850479125977,1.3463478088378906,1.2237612009048462,-0.06564388424158096,0.04132567346096039,-0.00041363350464962423,0.9995847940444946,0.019459884613752365,0.021246876567602158
138.0,-0.24096108973026276,-0.7147719860076904,1.722238302230835,-2.632833957672119,-1.4756492376327515,1.3294258117675781,1.2241649627685547,-0.07874589413404465,0.040506839752197266,-0.0015018145786598325,0.9984965324401855,0.039653562009334564,0.03781643882393837
139.0,-0.2909325957298279,-0.7087002992630005,1.7725756168365479,-2.7635915279388428,-1.2856875658035278,2.0026931762695312,1.2055248022079468,-0.10584906488656998,0.0339072048664093,0.34072381258010864,0.9272221922874451,0.14591532945632935,0.05361910164356232
140.0,-0.2736815810203552,-0.7088871598243713,1.727654218673706,-2.6624505519866943,-1.3665887117385864,1.91640305519104,1.2242403030395508,-0.10240563005208969,0.03790035843849182,0.2993943393230438,0.9479842185974121,0.103096142411232,0.03256003558635712
141.0,-0.2647954225540161,-0.7030832767486572,1.6932018995285034,-2.6048178672790527,-1.4087183475494385,1.8365949392318726,1.2396548986434937,-0.10209134966135025,0.039246708154678345,0.2595577538013458,0.962081789970398,0.08094175159931183,0.021837085485458374
142.0,-0.23113906383514404,-0.7075991630554199,1.685498833656311,-2.5688769817352295,-1.5234190225601196,1.3395024538040161,1.2397587299346924,-0.0777726024389267,0.041399210691452026,-0.00031637278152629733,0.999668538570404,0.020743289962410927,0.015246756374835968
143.0,-0.21528995037078857,-0.6957213282585144,1.6526904106140137,-2.5442514419555664,-1.5479910373687744,1.3554975986480713,1.25820791721344,-0.06579210609197617,0.041501447558403015,-9.836567187448964e-05,0.9999011158943176,0.009377911686897278,0.01048804260790348
144.0,-0.220503032207489,-0.704022228717804,1.6760872602462769,-2.563750982284546,-1.5381876230239868,1.3502589464187622,1.245509386062622,-0.06803510338068008,0.04146254062652588,-0.00018744604312814772,0.9998125433921814,0.013623618520796299,0.013756325468420982
145.0,-0.2131025195121765,-0.7065266966819763,1.6837797164916992,-2.572053909301758,-1.5426517724990845,1.3577016592025757,1.2418667078018188,-0.058630552142858505,0.0414697527885437,-0.0001649389450903982,0.9998289942741394,0.01121446117758751,0.01470518670976162
146.0,-0.20735253393650055,-0.7103630900382996,1.6952402591705322,-2.5832319259643555,-1.5442408323287964,1.3634803295135498,1.2360310554504395,-0.050445083528757095,0.04146462678909302,-0.00016470742411911488,0.9998169541358948,0.010155605152249336,0.016215408220887184
147.0,-0.20444561541080475,-0.702208936214447,1.6716350317001343,-2.562253713607788,-1.5497033596038818,1.366373896598816,1.2487938404083252,-0.050329312682151794,0.041493967175483704,-0.00010458486940478906,0.9998838305473328,0.008089914917945862,0.012926309369504452
148.0,-0.19658732414245605,-0.7042262554168701,1.677738904953003,-2.568570613861084,-1.5525914430618286,1.3742505311965942,1.24587881565094,-0.040317144244909286,0.04149499535560608,-8.967554458649829e-05,0.999885082244873,0.0065573398023843765,0.013674029149115086
149.0,-0.18760113418102264,-0.6952728629112244,1.652279257774353,-2.5465354919433594,-1.560899019241333,1.3832248449325562,1.2597320079803467,-0.03299515321850777,0.041520312428474426,-3.15391989715863e-05,0.9999439120292664,0.00311492127366364,0.010124631226062775
150.0,-0.1957474648952484,-0.6953318119049072,1.6521912813186646,-2.5457088947296143,-1.5572724342346191,1.3750717639923096,1.2594832181930542,-0.04269795119762421,0.04151745140552521,-4.959733269060962e-05,0.9999364018440247,0.00487700616940856,0.010168980807065964
151.0,-0.20389501750469208,-0.6938837766647339,1.6478211879730225,-2.541060447692871,-1.554205060005188,1.36691153049469,1.261418104171753,-0.05295553430914879,0.041515201330184937,-6.259774090722203e-05,0.9999322891235352,0.006470565218478441,0.00967357400804758
152.0,-0.19695132970809937,-0.686716616153717,1.6278135776519775,-2.5240957736968994,-1.5615695714950562,1.373855471611023,1.2722269296646118,-0.04744355008006096,0.041532427072525024,-2.2932365027372725e-05,0.9999707341194153,0.0033302372321486473,0.006885904353111982
153.0,-0.20230185985565186,-0.6825835108757019,1.6161199808120728,-2.5134401321411133,-1.5615699291229248,1.368497610092163,1.2780492305755615,-0.05549997091293335,0.041535764932632446,-1.9418224837863818e-05,0.9999790787696838,0.0036041114944964647,0.005387686658650637
154.0,-0.19713126122951508,-0.6749311089515686,1.5949265956878662,-2.4950478076934814,-1.5665290355682373,1.3736658096313477,1.2892392873764038,-0.05185229331254959,0.041543006896972656,-4.196637746645138e-06,0.9999954700469971,0.001675539999268949,0.0025046365335583687
155.0,-0.2008366584777832,-0.6694985628128052,1.5800718069076538,-2.482382297515869,-1.5697733163833618,1.3699597120285034,1.296640396118164,-0.05868757143616676,0.04154488444328308,-2.39396655388191e-07,0.9999997615814209,0.00040018968866206706,0.0005982076982036233
156.0,-0.20809990167617798,-0.679689347743988,1.6079745292663574,-2.5060367584228516,-1.5613176822662354,1.3626950979232788,1.2819321155548096,-0.06376178562641144,0.04153740406036377,-1.717017039482016e-05,0.9999827146530151,0.003918545786291361,0.004381696227937937
157.0,-0.20854926109313965,-0.6891482472419739,1.634304404258728,-2.5287392139434814,-1.554837703704834,1.3622465133666992,1.2682487964630127,-0.0604262501001358,0.04152199625968933,-5.125764073454775e-05,0.999947726726532,0.006482541561126709,0.007906614802777767
158.0,-0.21550630033016205,-0.6867894530296326,1.627471923828125,-2.522092342376709,-1.552898645401001,1.3552770614624023,1.2713764905929565,-0.0697251483798027,0.04152119159698486,-5.399180736276321e-05,0.999945878982544,0.0076067796908319,0.007097469177097082
159.0,-0.22576451301574707,-0.6916148066520691,1.6403454542160034,-2.5310425758361816,-1.5403428077697754,1.3449627161026,1.2639517784118652,-0.07925042510032654,0.0414867103099823,-0.00012223988596815616,0.9998674988746643,0.013550479896366596,0.009019879624247551
160.0,-0.24217605590820312,-0.6973260641098022,1.6579899787902832,-2.5463554859161377,-1.4990814924240112,1.3281079530715942,1.2545515298843384,-0.09147447347640991,0.0411149263381958,-0.0005229943199083209,0.9993293881416321,0.033013638108968735,0.01583114080131054
161.0,-0.2558062970638275,-0.690133810043335,1.6407430171966553,-2.5302765369415283,-1.4510363340377808,1.3133032321929932,1.2637873888015747,-0.10371043533086777,0.040314361453056335,-0.0011072917841374874,0.9981973171234131,0.05675964057445526,0.01947326771914959
162.0,-0.2288670539855957,-0.6828212738037109,1.6155781745910645,-2.5090270042419434,-1.5433069467544556,1.341856837272644,1.27653968334198,-0.08663193881511688,0.041501790285110474,-7.383747288258746e-05,0.9999018907546997,0.01276475191116333,0.005783914588391781
163.0,-0.2317076176404953,-0.6767727732658386,1.5983312129974365,-2.4924211502075195,-1.5402637720108032,1.3389846086502075,1.2851299047470093,-0.09186150878667831,0.041493937373161316,-5.2555242291418836e-05,0.9998834729194641,0.014849918894469738,0.0035386804956942797
164.0,-0.217983216047287,-0.680889368057251,1.6111204624176025,-2.5081796646118164,-1.5571715831756592,1.3528034687042236,1.2796626091003418,-0.07542375475168228,0.04153198003768921,-2.9181699574110098e-05,0.9999703764915466,0.005877702031284571,0.004964668303728104
165.0,-0.2186174988746643,-0.674609363079071,1.5938318967819214,-2.4934370517730713,-1.5612866878509521,1.3521720170974731,1.288483738899231,-0.07885626703500748,0.04153938591480255,-1.1529742550919764e-05,0.9999872446060181,0.0042709484696388245,0.0026995399966835976
166.0,-0.21016846597194672,-0.6729797124862671,1.589571475982666,-2.490445137023926,-1.5660871267318726,1.3606271743774414,1.2912417650222778,-0.06918050348758698,0.041543275117874146,-3.9402339098160155e-06,0.9999960660934448,0.0019839094020426273,0.0019860882312059402
167.0,-0.20736707746982574,-0.6641467213630676,1.5652867555618286,-2.4690732955932617,-1.569148302078247,1.3634296655654907,1.3037493228912354,-0.068637415766716,0.04154440760612488,1.3556459634855855e-06,0.9999987483024597,0.0011010857997462153,-0.001231188653036952
168.0,-0.20754733681678772,-0.6571372747421265,1.5456477403640747,-2.450146436691284,-1.563843011856079,1.3632498979568481,1.3136022090911865,-0.07011332362890244,0.041537731885910034,1.6363946997444145e-05,0.9999834895133972,0.004345766734331846,-0.0037654296029359102
169.0,-0.21479758620262146,-0.6578819751739502,1.5475947856903076,-2.451601266860962,-1.561764121055603,1.3559948205947876,1.3121180534362793,-0.07910168170928955,0.041536152362823486,1.8170871044276282e-05,0.9999799132347107,0.005361639894545078,-0.0033889831975102425
170.0,-0.2425018846988678,-0.6653768420219421,1.5635077953338623,-2.4456372261047363,-1.4929403066635132,1.3275445699691772,1.3012962341308594,-0.1024804338812828,0.04099719226360321,7.858739991206676e-05,0.9991747736930847,0.04057177156209946,-0.0019353984389454126
171.0,-0.2252022922039032,-0.658725380897522,1.54931640625,-2.451167106628418,-1.5525166988372803,1.3455597162246704,1.3104251623153687,-0.09110265225172043,0.04152087867259979,2.9546568839577958e-05,0.9999451637268066,0.010049911215901375,-0.0029398221522569656
172.0,-0.23976899683475494,-0.6439101696014404,1.501595377922058,-2.373414993286133,-1.475521206855774,1.3300299644470215,1.3302531242370605,-0.10317912697792053,0.04050910472869873,0.0008130158530548215,0.9984875917434692,0.05277770757675171,-0.015381233766674995
173.0,-0.21632327139377594,-0.6470125317573547,1.5173771381378174,-2.422118663787842,-1.551378607749939,1.354454517364502,1.3269606828689575,-0.08275160938501358,0.04150432348251343,8.316188905155286e-05,0.9999075531959534,0.011525570414960384,-0.007214759010821581
174.0,-0.20648981630802155,-0.64096599817276,1.501206636428833,-2.408043622970581,-1.5530091524124146,1.364310622215271,1.335608959197998,-0.07161079347133636,0.04149852693080902,0.00010429849498905241,0.999894380569458,0.011060910299420357,-0.009428470395505428
175.0,-0.19912023842334747,-0.6436634659767151,1.5087847709655762,-2.416017770767212,-1.559123158454895,1.371692180633545,1.3323780298233032,-0.06197722628712654,0.041515737771987915,6.611851858906448e-05,0.9999334812164307,0.007688950747251511,-0.008598588407039642
176.0,-0.202359139919281,-0.6516629457473755,1.5306473970413208,-2.4363954067230225,-1.563002347946167,1.3684446811676025,1.321399211883545,-0.06469344347715378,0.04153180122375488,2.9802553399349563e-05,0.999970018863678,0.0051624528132379055,-0.005772771779447794
177.0,-0.1937422752380371,-0.6522505879402161,1.5323563814163208,-2.4383034706115723,-1.565515398979187,1.3770639896392822,1.32103431224823,-0.053528670221567154,0.04153473675251007,2.157935159630142e-05,0.9999766945838928,0.003803770523518324,-0.005673015955835581
178.0,-0.19862641394138336,-0.6578220725059509,1.5477045774459839,-2.4525856971740723,-1.5674502849578857,1.3721741437911987,1.3131135702133179,-0.058746181428432465,0.04154078662395477,8.868715667631477e-06,0.9999904036521912,0.002438565483316779,-0.0036368228029459715
179.0,-0.1952807456254959,-0.6637341380119324,1.5640369653701782,-2.4676132202148438,-1.5693414211273193,1.3755162954330444,1.3050673007965088,-0.05302107706665993,0.04154421389102936,1.6500541732966667e-06,0.9999982118606567,0.0010518607450649142,-0.0015686973929405212
180.0,-0.18628764152526855,-0.657880961894989,1.547849416732788,-2.452672243118286,-1.56863534450531,1.3845136165618896,1.3136264085769653,-0.04270485043525696,0.04154115915298462,6.839225989097031e-06,0.999991238117218,0.0018111871322616935,-0.003776068100705743
181.0,-0.18455606698989868,-0.6483450531959534,1.5217983722686768,-2.4289536476135254,-1.5666834115982056,1.3862577676773071,1.3266887664794922,-0.04254881665110588,0.04153120517730713,2.4457094696117565e-05,0.9999686479568481,0.003424897324293852,-0.007140747737139463
182.0,-0.17895177006721497,-0.6528416275978088,1.5341178178787231,-2.4403810501098633,-1.5693700313568115,1.3918558359146118,1.320763349533081,-0.03442312404513359,0.04153737425804138,9.8010359579348e-06,0.9999826550483704,0.0017422358505427837,-0.005625452846288681
183.0,-0.180541530251503,-0.6630574464797974,1.5621267557144165,-2.4657530784606934,-1.5703012943267822,1.3902561664581299,1.3066308498382568,-0.034099508076906204,0.041544049978256226,1.2121763575123623e-06,0.9999978542327881,0.0006127224187366664,-0.0019783407915383577
184.0,-0.1741744577884674,-0.6580590009689331,1.5483447313308716,-2.453145980834961,-1.5697896480560303,1.3966269493103027,1.3137710094451904,-0.02692212536931038,0.04154147207736969,4.5214578676677775e-06,0.9999920725822449,0.0011833583703264594,-0.0038208395708352327
185.0,-0.1684263050556183,-0.6614514589309692,1.557688593864441,-2.4616880416870117,-1.5708987712860107,1.4023723602294922,1.3091740608215332,-0.018739307299256325,0.04154343903064728,1.0508904324524337e-06,0.9999964237213135,0.00039754548924975097,-0.002643437823280692
186.0,-0.17104235291481018,-0.6491568088531494,1.524135947227478,-2.4314959049224854,-1.5701144933700562,1.399770736694336,1.325952410697937,-0.02494865097105503,0.04153376817703247,1.0823395314218942e-05,0.9999745488166809,0.0015511397505179048,-0.006977528799325228
187.0,-0.17326776683330536,-0.6418166160583496,1.504274845123291,-2.413555860519409,-1.5682796239852905,1.3975595235824585,1.335715651512146,-0.029331039637327194,0.04152330756187439,2.786155164358206e-05,0.9999507069587708,0.002937330398708582,-0.00948486477136612
188.0,-0.18091541528701782,-0.6412503719329834,1.502623438835144,-2.4116477966308594,-1.5654644966125488,1.3899121284484863,1.3362808227539062,-0.03925514593720436,0.04152028262615204,4.29584106313996e-05,0.9999437928199768,0.004468295723199844,-0.00961350928992033
189.0,-0.1674736738204956,-0.6308063864707947,1.4749550819396973,-2.387807846069336,-1.5690546035766602,1.403381586074829,1.3501572608947754,-0.024129129946231842,0.04150432348251343,4.129036460653879e-05,0.9999076724052429,0.003119910601526499,-0.013233250007033348
190.0,-0.16924813389778137,-0.6219192743301392,1.4513938426971436,-2.36679744720459,-1.5663834810256958,1.4016354084014893,1.3614410161972046,-0.02804264985024929,0.04148229956626892,8.052437624428421e-05,0.9998575448989868,0.004992902744561434,-0.016125468537211418
191.0,-0.1784033179283142,-0.620093822479248,1.4463623762130737,-2.3615243434906006,-1.5611945390701294,1.3924845457077026,1.3635389804840088,-0.04012688249349594,0.041470468044281006,0.0001310522056883201,0.9998306035995483,0.007876449264585972,-0.016635669395327568
192.0,-0.18454279005527496,-0.6116084456443787,1.4239325523376465,-2.3409435749053955,-1.5548540353775024,1.3863683938980103,1.3738526105880737,-0.04947832226753235,0.04143321514129639,0.00022551606525667012,0.9997459650039673,0.011702137999236584,-0.019266460090875626
193.0,-0.18714402616024017,-0.621037483215332,1.4486056566238403,-2.362584352493286,-1.5563610792160034,1.3837324380874634,1.3620882034301758,-0.05108604207634926,0.04146313667297363,0.00016915833111852407,0.9998139142990112,0.010418002493679523,-0.01623409613966942
194.0,-0.18106520175933838,-0.6317142844200134,1.477094054222107,-2.3887553215026855,-1.5633212327957153,1.3897861242294312,1.3487056493759155,-0.04139479622244835,0.04150058329105377,7.873833965277299e-05,0.99989914894104,0.006144590675830841,-0.0128129618242383
195.0,-0.19071820378303528,-0.6400535702705383,1.4992300271987915,-2.407989501953125,-1.5615041255950928,1.3801077604293823,1.337518334388733,-0.05205557495355606,0.041513681411743164,6.586537347175181e-05,0.9999288320541382,0.006644961424171925,-0.0099113704636693
196.0,-0.19646072387695312,-0.6320508718490601,1.4775727987289429,-2.387645721435547,-1.5552489757537842,1.3743741512298584,1.3477131128311157,-0.06084432452917099,0.041486501693725586,0.0001307255879510194,0.9998671412467957,0.010421263985335827,-0.012542453594505787
197.0,-0.1960500031709671,-0.623590886592865,1.4550275802612305,-2.3670639991760254,-1.5511095523834229,1.3748011589050293,1.3585354089736938,-0.061784062534570694,0.04145568609237671,0.00020051334286108613,0.999796986579895,0.013077827170491219,-0.015329199843108654
198.0,-0.2081356644630432,-0.6319319009780884,1.4767683744430542,-2.385002374649048,-1.5462241172790527,1.3626623153686523,1.3473198413848877,-0.07523766905069351,0.04146021604537964,0.00018899037968367338,0.9998072385787964,0.015183549374341965,-0.012444648891687393
199.0,-0.22807438671588898,-0.6375234723091125,1.4867380857467651,-2.3731677532196045,-1.5062872171401978,1.3423501253128052,1.339311957359314,-0.0943169817328453,0.04101888835430145,0.000569485651794821,0.9992058873176575,0.036700569093227386,-0.01550475787371397
200.0,-0.23744167387485504,-0.6190120577812195,1.4253859519958496,-2.2546873092651367,-1.4461207389831543,0.7904642820358276,1.3598392009735107,-0.10254661738872528,0.03907811641693115,-0.26342836022377014,0.9607329368591309,0.08406217396259308,-0.02304944023489952
201.0,-0.2398376762866974,-0.6048299670219421,1.382898211479187,-2.1772422790527344,-1.4190115928649902,0.7173286080360413,1.3734116554260254,-0.10491962730884552,0.037483662366867065,-0.2938517928123474,0.9490213394165039,0.10895627737045288,-0.033736854791641235
202.0,-0.22326451539993286,-0.6053690910339355,1.3883057832717896,-2.2179083824157715,-1.4682033061981201,0.6430962681770325,1.3765888214111328,-0.0902336835861206,0.039190322160720825,-0.3404664695262909,0.9364148378372192,0.07979974895715714,-0.029013996943831444
203.0,-0.20636709034442902,-0.6099932789802551,1.4106125831604004,-2.2918577194213867,-1.5202349424362183,1.364639163017273,1.3743727207183838,-0.07439671456813812,0.04077976942062378,0.0011100906413048506,0.9988895058631897,0.03286469727754593,-0.0337400957942009
204.0,-0.19388532638549805,-0.6138320565223694,1.4293746948242188,-2.3442156314849854,-1.5481033325195312,1.3769946098327637,1.3707855939865112,-0.06075025722384453,0.0414191335439682,0.00028073927387595177,0.9997139573097229,0.015187850221991539,-0.018479177728295326
205.0,-0.2050645500421524,-0.5987163186073303,1.3745348453521729,-2.2273478507995605,-1.504851222038269,1.3663921356201172,1.386345386505127,-0.07265635579824448,0.03997403383255005,0.0022941839415580034,0.9976791739463806,0.044330865144729614,-0.05163128674030304
206.0,-0.20100916922092438,-0.5833272933959961,1.3270788192749023,-2.1416678428649902,-1.4978017807006836,0.3956204056739807,1.4006513357162476,-0.06878352165222168,0.03872618079185486,-0.46320855617523193,0.8812904953956604,0.08287130296230316,-0.04355737566947937
207.0,-0.18681390583515167,-0.595946192741394,1.3737373352050781,-2.2576873302459717,-1.5402382612228394,1.384555697441101,1.3914670944213867,-0.05365521088242531,0.04074792563915253,0.000980442389845848,0.9988505840301514,0.02342262491583824,-0.04181065782904625
208.0,-0.19456027448177338,-0.5569971799850464,1.2517509460449219,-2.003455400466919,-1.4925408363342285,0.2835584878921509,1.4201780557632446,-0.06269059330224991,0.035626575350761414,-0.5103456974029541,0.8491136431694031,0.11674617975950241,-0.07016836851835251
209.0,-0.21558110415935516,-0.521955132484436,1.1625069379806519,-1.8074990510940552,-1.421819806098938,0.33429184556007385,1.4330639839172363,-0.08461043238639832,0.02765926718711853,-0.4643036127090454,0.8597134947776794,0.18730314075946808,-0.10115642100572586
210.0,-0.22200722992420197,-0.5468013286590576,1.2242820262908936,-1.909716010093689,-1.41829252243042,0.40730130672454834,1.4186564683914185,-0.09014330804347992,0.030970782041549683,-0.43432942032814026,0.8817602396011353,0.16506436467170715,-0.08130588382482529
211.0,-0.22984278202056885,-0.5707182884216309,1.2871729135513306,-2.0149085521698,-1.4130693674087524,0.5123291015625,1.4021941423416138,-0.09676224738359451,0.0338175892829895,-0.38780447840690613,0.9084060788154602,0.1436794251203537,-0.06133768707513809
212.0,-0.270351767539978,-0.5621796250343323,1.2723397016525269,-1.914853572845459,-1.280499815940857,0.64132159948349,1.3931291103363037,-0.13168036937713623,0.0256212055683136,-0.28996309638023376,0.9291136264801025,0.219077005982399,-0.06837079674005508
213.0,-0.2661973536014557,-0.4975472688674927,1.121873378753662,-1.6515164375305176,-1.2609128952026367,0.4673163592815399,1.4246784448623657,-0.1313556730747223,0.013584524393081665,-0.34905150532722473,0.8864001631736755,0.28292304277420044,-0.11141098290681839
214.0,-0.2778913080692291,-0.5099854469299316,1.1547613143920898,-1.6866546869277954,-1.2276129722595215,0.5223739147186279,1.4146416187286377,-0.14054860174655914,0.013304948806762695,-0.31605246663093567,0.8981179594993591,0.28843122720718384,-0.10150047391653061
215.0,-0.243035688996315,-0.5124092698097229,1.146045446395874,-1.735854983329773,-1.3390129804611206,0.42602604627609253,1.428222417831421,-0.11050472408533096,0.021542638540267944,-0.3968368470668793,0.8813039660453796,0.23393917083740234,-0.10533901304006577
216.0,-0.23731420934200287,-0.4427694082260132,0.9937582612037659,-1.4857746362686157,-1.3357511758804321,0.3055342733860016,1.454131007194519,-0.10794697701931,0.008782342076301575,-0.43184521794319153,0.8394557237625122,0.29334479570388794,-0.1509067714214325
217.0,-0.26081880927085876,-0.42381301522254944,0.9658663868904114,-1.4011443853378296,-1.2558523416519165,0.3447997272014618,1.450419545173645,-0.12960927188396454,-0.0002848580479621887,-0.3812217116355896,0.8453824520111084,0.3410871624946594,-0.15381184220314026
218.0,-0.2799398601055145,-0.4036586880683899,0.9378258585929871,-1.3155641555786133,-1.1886260509490967,0.3543470501899719,1.4462093114852905,-0.1467534303665161,-0.010039150714874268,-0.34387415647506714,0.8417141437530518,0.3853376805782318,-0.15742598474025726
219.0,-0.2973124384880066,-0.4219878315925598,0.9859969019889832,-1.3546055555343628,-1.1310865879058838,0.4062039852142334,1.4331802129745483,-0.16019892692565918,-0.011488832533359528,-0.30399659276008606,0.8539124727249146,0.39793264865875244,-0.1416657716035843
220.0,-0.30552005767822266,-0.4666917026042938,1.0811690092086792,-1.4966057538986206,-1.114933967590332,0.4911394417285919,1.4162204265594482,-0.164681538939476,-0.004180103540420532,-0.2754926383495331,0.8779111504554749,0.37366604804992676,-0.11725818365812302
221.0,-0.32392972707748413,-0.46274054050445557,1.0888162851333618,-1.4619295597076416,-1.0445142984390259,0.5072494149208069,1.4068787097930908,-0.17858090996742249,-0.011695370078086853,-0.23856553435325623,0.873971700668335,0.4084474742412567,-0.11149274557828903
222.0,-0.3358875811100006,-0.48838678002357483,1.1523005962371826,-1.5440236330032349,-1.0064482688903809,0.5743704438209534,1.391494870185852,-0.1854822337627411,-0.01025383174419403,-0.20391827821731567,0.885471761226654,0.40691035985946655,-0.09370876103639603
223.0,-0.3560575544834137,-0.5290953516960144,1.2604589462280273,-1.6921390295028687,-0.9399849772453308,0.7009055614471436,1.363048791885376,-0.19538253545761108,-0.00868227332830429,-0.1403181254863739,0.9006991982460022,0.40625864267349243,-0.06329021602869034
224.0,-0.37065696716308594,-0.5356004238128662,1.2930546998977661,-1.7101515531539917,-0.8792791962623596,0.7310779094696045,1.3497177362442017,-0.203314408659935,-0.013618893921375275,-0.10801670700311661,0.8956640958786011,0.4283107817173004,-0.05165410041809082
225.0,-0.37958452105522156,-0.48953574895858765,1.209168791770935,-1.510689377784729,-0.8247036933898926,0.6016076803207397,1.3601189851760864,-0.2134283483028412,-0.031243279576301575,-0.11772142350673676,0.8644288778305054,0.4843080937862396,-0.0659550279378891
226.0,-0.368987500667572,-0.4663052558898926,1.1507997512817383,-1.4412388801574707,-0.8673827052116394,0.5483081340789795,1.3753976821899414,-0.20935222506523132,-0.033511579036712646,-0.1475372016429901,0.8602503538131714,0.48103630542755127,-0.08250011503696442
227.0,-0.3571487069129944,-0.44107046723365784,1.0878803730010986,-1.3696993589401245,-0.9136552214622498,0.49427559971809387,1.391256332397461,-0.20400747656822205,-0.03512999415397644,-0.1794075220823288,0.8542266488075256,0.4775465726852417,-0.10029592365026474
228.0,-0.33484816551208496,-0.40442588925361633,0.9898000955581665,-1.2630449533462524,-0.9907140731811523,0.41543975472450256,1.415308952331543,-0.19009406864643097,-0.03214363753795624,-0.23144389688968658,0.841809093952179,0.47019141912460327,-0.1292726993560791
229.0,-0.31802594661712646,-0.37767544388771057,0.920796275138855,-1.1945010423660278,-1.0472369194030762,0.3641657531261444,1.4313993453979492,-0.1783878654241562,-0.03012910485267639,-0.26840296387672424,0.8309601545333862,0.46371403336524963,-0.14978119730949402
230.0,-0.3050100803375244,-0.35218966007232666,0.8628584742546082,-1.1438497304916382,-1.0926826000213623,0.32569000124931335,1.444380521774292,-0.16958460211753845,-0.03199245035648346,-0.2971882224082947,0.8211937546730042,0.4580802917480469,-0.165778249502182
231.0,-0.25301194190979004,-0.31392166018486023,0.7493637204170227,-1.0878642797470093,-1.2646191120147705,0.2263454794883728,1.4758427143096924,-0.1259356141090393,-0.020799152553081512,-0.40205642580986023,0.7923316955566406,0.4092012345790863,-0.20764277875423431
232.0,-0.22975026071071625,-0.3689914643764496,0.8431164026260376,-1.263282299041748,-1.3467572927474976,0.22021599113941193,1.4746184349060059,-0.10325367748737335,-0.004490368068218231,-0.4523078203201294,0.8008922934532166,0.34168925881385803,-0.1929706335067749
233.0,-0.22333911061286926,-0.2502095699310303,0.6129500269889832,-0.957970380783081,-1.3557668924331665,0.14349600672721863,1.4959676265716553,-0.09989454597234726,-0.025259941816329956,-0.4558938145637512,0.7523655891418457,0.4066729247570038,-0.24642232060432434
234.0,-0.1928716003894806,-0.3179181218147278,0.7312541007995605,-1.1518363952636719,-1.4563637971878052,0.103573739528656,1.4944807291030884,-0.06912237405776978,-0.007933415472507477,-0.5246812105178833,0.747728705406189,0.33312344551086426,-0.23375271260738373
235.0,-0.15869812667369843,-0.30651429295539856,0.7026039958000183,-1.14260733127594,-1.5597081184387207,0.010257301852107048,1.502348780632019,-0.03515125811100006,-0.006457075476646423,-0.5892131924629211,0.7016767263412476,0.30678072571754456,-0.2576104402542114
236.0,-0.14460350573062897,-0.43867626786231995,0.9698022603988647,-1.5424270629882812,-1.6083338260650635,-0.059854842722415924,1.4747380018234253,-0.017483025789260864,0.018106728792190552,-0.6539199352264404,0.7041674256324768,0.2027224451303482,-0.18825671076774597
237.0,-0.1651090681552887,-0.429858922958374,0.9513930082321167,-1.500118613243103,-1.545322060585022,0.037842899560928345,1.4752802848815918,-0.03806436061859131,0.015582561492919922,-0.6014106273651123,0.7436562776565552,0.22706665098667145,-0.18363361060619354
238.0,-0.18295881152153015,-0.4336628019809723,0.9611982107162476,-1.5015133619308472,-1.4936752319335938,0.1129060611128807,1.4715536832809448,-0.055777132511138916,0.01490338146686554,-0.5593270063400269,0.7742661237716675,0.24000874161720276,-0.17338141798973083
239.0,-0.20879466831684113,-0.45332756638526917,1.0074591636657715,-1.54811692237854,-1.4230104684829712,0.22257067263126373,1.4598767757415771,-0.08063541352748871,0.015575215220451355,-0.4980224668979645,0.8163995742797852,0.24957311153411865,-0.15224531292915344
240.0,-0.1906081736087799,-0.49729037284851074,1.1016372442245483,-1.7296806573867798,-1.480910062789917,0.18583236634731293,1.4494796991348267,-0.06086426600813866,0.02612975239753723,-0.5396602749824524,0.8112650513648987,0.18732033669948578,-0.12460702657699585
241.0,-0.17427963018417358,-0.5200929045677185,1.1561263799667358,-1.844566822052002,-1.5260696411132812,0.11743368208408356,1.4429713487625122,-0.04296114295721054,0.03122994303703308,-0.5836848616600037,0.7914499640464783,0.14602090418338776,-0.10768867284059525
242.0,-0.15953832864761353,-0.5469053983688354,1.2273615598678589,-1.9928486347198486,-1.562932014465332,0.029744770377874374,1.4313838481903076,-0.025503531098365784,0.03624051809310913,-0.6314147710800171,0.7646567821502686,0.09939403831958771,-0.08207455277442932
243.0,-0.16842268407344818,-0.5763587951660156,1.314513921737671,-2.161365509033203,-1.5516064167022705,0.12836188077926636,1.4110835790634155,-0.033043235540390015,0.03968840837478638,-0.5925765633583069,0.8020764589309692,0.059792641550302505,-0.04417499154806137
244.0,-0.17890116572380066,-0.5825250148773193,1.331579327583313,-2.18369460105896,-1.5392634868621826,1.393295407295227,1.4048216342926025,-0.0448366180062294,0.03989134728908539,0.0017708566738292575,0.99755859375,0.027536818757653236,-0.06415168941020966
245.0,-0.17121081054210663,-0.6097150444984436,1.4194252490997314,-2.338681697845459,-1.5637003183364868,1.399719476699829,1.3764957189559937,-0.03290749713778496,0.041446030139923096,0.00014117368846200407,0.9997750520706177,0.007056698203086853,-0.020001128315925598
246.0,-0.17800159752368927,-0.6068844199180603,1.4118571281433105,-2.331251621246338,-1.5585168600082397,1.392937183380127,1.3797826766967773,-0.04207879677414894,0.04142773151397705,0.00020783732179552317,0.9997334480285645,0.00998053140938282,-0.02081872522830963
247.0,-0.17069557309150696,-0.5998603701591492,1.393872857093811,-2.3163866996765137,-1.561411738395691,1.4002765417099,1.3883845806121826,-0.03388635441660881,0.04141123592853546,0.00020144833251833916,0.999695897102356,0.008732966147363186,-0.02306056022644043
248.0,-0.16264308989048004,-0.6014212965965271,1.3981339931488037,-2.3209779262542725,-1.567091941833496,1.4083205461502075,1.3866349458694458,-0.023269105702638626,0.0414251834154129,0.0001267401094082743,0.999727725982666,0.005592322442680597,-0.022657064720988274
249.0,-0.1633004993200302,-0.6155796647071838,1.4349240064620972,-2.352940797805786,-1.5691505670547485,1.4076049327850342,1.369401454925537,-0.021665647625923157,0.04146875441074371,6.986908556427807e-05,0.9998266696929932,0.0038345353677868843,-0.018217844888567924
250.0,-0.16092722117900848,-0.625923216342926,1.462140440940857,-2.376901388168335,-1.5711472034454346,1.4099410772323608,1.3564594984054565,-0.016619160771369934,0.041495129466056824,3.33359457727056e-05,0.9998867511749268,0.0022386847995221615,-0.014889175072312355
251.0,-0.15083763003349304,-0.6187571883201599,1.444855809211731,-2.3664793968200684,-1.5976238250732422,1.4199923276901245,1.3648431301116943,-0.008323423564434052,0.04145455360412598,-0.0001871414133347571,0.9997944235801697,-0.010974845848977566,-0.017048344016075134
252.0,-0.15902599692344666,-0.6088880300521851,1.417594313621521,-2.3382608890533447,-1.5709325075149536,1.4119033813476562,1.3776358366012573,-0.01739823818206787,0.04145146906375885,6.512988329632208e-05,0.9997873902320862,0.0031966357491910458,-0.020370176061987877
253.0,-0.156109020113945,-0.592532217502594,1.3754489421844482,-2.302130699157715,-1.5701204538345337,1.4148907661437988,1.3971847295761108,-0.016322515904903412,0.04139867424964905,0.00011038616503356025,0.9996674060821533,0.004340600222349167,-0.02542262151837349
254.0,-0.14145614206790924,-0.5657282471656799,1.2860398292541504,-2.1225054264068604,-1.6200032234191895,-0.2813016176223755,1.41978919506073,-0.006826530210673809,0.03903499245643616,0.7532322406768799,-0.6518855094909668,-0.057373493909835815,0.06629317998886108
255.0,-0.12219702452421188,-0.5805774927139282,1.3440847396850586,-2.2564661502838135,-1.6914255619049072,-0.9957315325737,1.405930519104004,0.01114181149750948,0.040144652128219604,0.938223123550415,-0.33852776885032654,-0.024324245750904083,0.06741417199373245
256.0,-0.13232852518558502,-0.5949281454086304,1.3871456384658813,-2.3257994651794434,-1.6557308435440063,1.438140869140625,1.3918476104736328,0.004303900990635157,0.04107259213924408,-0.0009532290860079229,0.9989253282546997,-0.03961940109729767,-0.024033797904849052
257.0,-0.1380341798067093,-0.6079105734825134,1.4195247888565063,-2.3513383865356445,-1.6398967504501343,1.4325428009033203,1.3768136501312256,0.000910548958927393,0.04122951626777649,-0.0006462184828706086,0.9992825388908386,-0.03207211568951607,-0.020134467631578445
258.0,-0.1293283998966217,-0.6150312423706055,1.4412609338760376,-2.3754448890686035,-1.67500638961792,1.440838098526001,1.3663469552993774,0.008807763457298279,0.040922775864601135,-0.0008764671511016786,0.9985844492912292,-0.050248272716999054,-0.017418041825294495
259.0,-0.11318138986825943,-0.6036999225616455,1.4196959733963013,-2.3653252124786377,-1.7313289642333984,-1.4372752904891968,1.3760738372802734,0.021057147532701492,0.03915919363498688,0.9892556667327881,-0.12178140133619308,-0.009882822632789612,0.08028022199869156
260.0,-0.10580557584762573,-0.5926601886749268,1.3952335119247437,-2.347775936126709,-1.755927324295044,-1.4326133728027344,1.387231469154358,0.026240801438689232,0.03805454075336456,0.9883816242218018,-0.11998697370290756,-0.011243823915719986,0.09261996299028397
261.0,-0.087033711373806,-0.5929744243621826,1.4105732440948486,-2.370537519454956,-1.8241147994995117,-1.49965500831604,1.378786325454712,0.04264160245656967,0.034224480390548706,0.9889383912086487,-0.07724476605653763,-0.009860566817224026,0.12624146044254303
262.0,-0.08546154946088791,-0.5819380879402161,1.3822375535964966,-2.3463447093963623,-1.8258624076843262,-1.472990870475769,1.3919891119003296,0.043410301208496094,0.03399914503097534,0.9877857565879822,-0.0891878604888916,-0.01148959994316101,0.12725119292736053
263.0,-0.08029273897409439,-0.5643970966339111,1.323891043663025,-2.2316102981567383,-1.8401151895523071,-1.2145873308181763,1.4089430570602417,0.04708997532725334,0.0319313108921051,0.9676958918571472,-0.2078368067741394,-0.029968952760100365,0.1395365297794342
264.0,-0.0997827872633934,-0.5725072026252747,1.333554983139038,-2.245540142059326,-1.7762759923934937,-1.1697431802749634,1.4078320264816284,0.029419053345918655,0.036487728357315063,0.9638996124267578,-0.2419864535331726,-0.027048802003264427,0.10774292051792145
265.0,-0.1059577688574791,-0.5469402074813843,1.2443057298660278,-2.0574748516082764,-1.7532052993774414,-0.703454852104187,1.4292105436325073,0.021980635821819305,0.034934788942337036,0.8798302412033081,-0.4546767473220825,-0.06356154382228851,0.12299588322639465
266.0,-0.12393558025360107,-0.4498908519744873,0.9962283968925476,-1.5946022272109985,-1.68572199344635,-0.19653932750225067,1.4718536138534546,0.0013680490665137768,0.020220518112182617,0.7163873314857483,-0.645918071269989,-0.17663495242595673,0.19590571522712708
267.0,-0.09984119236469269,-0.4513642489910126,1.0072919130325317,-1.6199257373809814,-1.7765839099884033,-0.3526804447174072,1.4702199697494507,0.023040588945150375,0.01836131513118744,0.7770892381668091,-0.5692629814147949,-0.15864989161491394,0.216569721698761
268.0,-0.07538772374391556,-0.48111578822135925,1.0899956226348877,-1.7691138982772827,-1.8704447746276855,-0.5958881378173828,1.4567028284072876,0.045869823545217514,0.01967376470565796,0.8528472185134888,-0.45898982882499695,-0.11798393726348877,0.2192254513502121
269.0,-0.12107732146978378,-0.3275751769542694,0.7440670728683472,-1.215348720550537,-1.6941626071929932,-0.12574435770511627,1.500983476638794,0.00072678760625422,-0.001992926001548767,0.6717368364334106,-0.6358665823936462,-0.2612704932689667,0.27600914239883423
270.0,-0.09847772121429443,-0.34482842683792114,0.7844109535217285,-1.2758418321609497,-1.7782106399536133,-0.2241877019405365,1.497130274772644,0.02213640883564949,-0.0012483075261116028,0.7209212779998779,-0.5859947204589844,-0.23336359858512878,0.2870960533618927
271.0,-0.056887153536081314,-0.4531911015510559,1.0370819568634033,-1.672600507736206,-1.916884422302246,-0.5751617550849915,1.4629007577896118,0.06558900326490402,0.009537369012832642,0.8477978706359863,-0.44495585560798645,-0.13408870995044708,0.25548630952835083
272.0,-0.04898766800761223,-0.32706889510154724,0.7741390466690063,-1.2521806955337524,-1.9423065185546875,-0.361069917678833,1.4939000606536865,0.07191842049360275,-0.015849366784095764,0.7775930166244507,-0.48084577918052673,-0.21307897567749023,0.34457769989967346
273.0,-0.035156358033418655,-0.3364080786705017,0.802445650100708,-1.2838234901428223,-1.9817049503326416,-0.40288013219833374,1.4881494045257568,0.08711270987987518,-0.018742635846138,0.7930409908294678,-0.453359454870224,-0.201933816075325,0.35323360562324524
274.0,-0.044686123728752136,-0.4392596185207367,1.014032006263733,-1.6278752088546753,-1.9482054710388184,-0.5743185877799988,1.4641995429992676,0.078809455037117,0.0032504498958587646,0.847623884677887,-0.4306246042251587,-0.1404077112674713,0.2763727903366089
275.0,-0.05644585192203522,-0.5433651804924011,1.2735663652420044,-2.1212007999420166,-1.8894402980804443,-1.045074701309204,1.4176527261734009,0.07279885560274124,0.02325543761253357,0.9460697174072266,-0.2685677409172058,-0.0494760125875473,0.17428657412528992
276.0,-0.07124621421098709,-0.5329433083534241,1.230202317237854,-2.037240505218506,-1.869352102279663,-0.8966963887214661,1.4298856258392334,0.053963303565979004,0.02633853256702423,0.921108603477478,-0.3417116403579712,-0.06487684696912766,0.1748802810907364
277.0,-0.06955814361572266,-0.5617662668228149,1.324015498161316,-2.2297327518463135,-1.855915904045105,-1.21763277053833,1.4073303937911987,0.05993225798010826,0.028558433055877686,0.968075692653656,-0.200212761759758,-0.03054390475153923,0.1476869434118271
278.0,-0.06739871948957443,-0.5726232528686523,1.364375114440918,-2.309758424758911,-1.842684268951416,-1.3765218257904053,1.3953113555908203,0.06574089825153351,0.02800247073173523,0.9824302792549133,-0.1256687343120575,-0.017507070675492287,0.1368636041879654
279.0,-0.07652529329061508,-0.5820869207382202,1.389453411102295,-2.355086088180542,-1.8314497470855713,-1.4814746379852295,1.3879752159118652,0.05528527498245239,0.031013205647468567,0.988170862197876,-0.08062630146741867,-0.010608519427478313,0.13001997768878937
280.0,-0.07269751280546188,-0.5881488919258118,1.4084562063217163,-2.372145652770996,-1.8307712078094482,-1.4971706867218018,1.3786711692810059,0.061360567808151245,0.0295097678899765,0.9889563918113708,-0.07125100493431091,-0.00933870393782854,0.1296202391386032
281.0,-0.08010976761579514,-0.5956326127052307,1.423158049583435,-2.3836379051208496,-1.828705906867981,-1.513285756111145,1.3723232746124268,0.05199206992983818,0.031878530979156494,0.9893882870674133,-0.06724125146865845,-0.00873342715203762,0.1285037100315094
282.0,-0.07693619281053543,-0.6008090376853943,1.4393337965011597,-2.397634983062744,-1.8268781900405884,-1.5246901512145996,1.3642046451568604,0.05723312497138977,0.03057435154914856,0.9899665713310242,-0.060233380645513535,-0.007762742694467306,0.12758468091487885
283.0,-0.07018478214740753,-0.5961626768112183,1.431887149810791,-2.392813205718994,-1.8293222188949585,-1.5172269344329834,1.3672206401824951,0.06583508849143982,0.028409436345100403,0.9897907376289368,-0.060438476502895355,-0.007867171429097652,0.12883934378623962
284.0,-0.07165274769067764,-0.6066522598266602,1.4592399597167969,-2.4160172939300537,-1.8261653184890747,-1.5416407585144043,1.3540390729904175,0.06525325030088425,0.028577491641044617,0.9906167387962341,-0.04950389266014099,-0.006358071230351925,0.12723062932491302
285.0,-0.06446897238492966,-0.6054507493972778,1.4612810611724854,-2.4191832542419434,-1.8281298875808716,-1.5415575504302979,1.3523162603378296,0.0747634619474411,0.026239007711410522,0.9906609654426575,-0.04597226157784462,-0.005950422026216984,0.12822625041007996
286.0,-0.06219811365008354,-0.5956582427024841,1.4365170001983643,-2.398815631866455,-1.8321030139923096,-1.5211355686187744,1.3642252683639526,0.07648803293704987,0.025794431567192078,0.9899530410766602,-0.05458764731884003,-0.007181471213698387,0.13023675978183746
287.0,-0.06487783044576645,-0.5849454402923584,1.4057542085647583,-2.37186336517334,-1.833922266960144,-1.4950313568115234,1.3792606592178345,0.07159648090600967,0.0269639790058136,0.9889507293701172,-0.06836118549108505,-0.009071181528270245,0.1312287300825119
288.0,-0.05991610512137413,-0.5735377073287964,1.372159481048584,-2.317617416381836,-1.8492223024368286,-1.3843448162078857,1.3908965587615967,0.07543990761041641,0.02558314800262451,0.9829332232475281,-0.11807655543088913,-0.016825096681714058,0.14006121456623077
289.0,-0.04554051160812378,-0.5432445406913757,1.2813719511032104,-2.12882399559021,-1.9085687398910522,-1.0683931112289429,1.4129533767700195,0.08563151955604553,0.019774988293647766,0.9492515921592712,-0.2510755658149719,-0.04843740910291672,0.18312928080558777
290.0,-0.03199407458305359,-0.458972305059433,1.069117784500122,-1.7186505794525146,-1.9802793264389038,-0.6741172075271606,1.453179955482483,0.0931301936507225,0.00291992723941803,0.8730200529098511,-0.3851686120033264,-0.12074586004018784,0.27368155121803284
291.0,-0.029157379642128944,-0.5011029839515686,1.1752134561538696,-1.911766767501831,-1.9738008975982666,-0.8478279709815979,1.4329400062561035,0.09875312447547913,0.009314686059951782,0.910872757434845,-0.32398557662963867,-0.08566498756408691,0.2408437579870224
292.0,-0.044860053807497025,-0.561779797077179,1.341041922569275,-2.243604898452759,-1.8889427185058594,-1.2416162490844727,1.3962148427963257,0.09021144360303879,0.020731091499328613,0.9703503251075745,-0.17504389584064484,-0.029589004814624786,0.1640256941318512
293.0,-0.05675993487238884,-0.5831522345542908,1.4072093963623047,-2.3757195472717285,-1.838853359222412,-1.4986705780029297,1.3778076171875,0.08210229873657227,0.024358481168746948,0.9890115857124329,-0.06254207342863083,-0.00845417007803917,0.13369035720825195
294.0,-0.05211326479911804,-0.5882548689842224,1.424472451210022,-2.3916168212890625,-1.8407901525497437,-1.5131291151046753,1.3690037727355957,0.08865363895893097,0.022709429264068604,0.98943692445755,-0.05332734435796738,-0.007254703901708126,0.13460393249988556
295.0,-0.04245137423276901,-0.5726679563522339,1.3791325092315674,-2.3110194206237793,-1.8775526285171509,-1.354543924331665,1.3833004236221313,0.09578727185726166,0.020069926977157593,0.980119526386261,-0.12239036709070206,-0.01935003511607647,0.1549578458070755
296.0,-0.027603182941675186,-0.5273376703262329,1.2481404542922974,-2.048178195953369,-1.9594734907150269,-0.9906860589981079,1.4159353971481323,0.1034858226776123,0.012178406119346619,0.9363170266151428,-0.26902616024017334,-0.06232414394617081,0.21691259741783142
297.0,-0.006437479052692652,-0.4471084177494049,1.0629429817199707,-1.68795907497406,-2.0539584159851074,-0.7062923312187195,1.4474526643753052,0.11999965459108353,-0.008116111159324646,0.8780223727226257,-0.34339672327041626,-0.12143632024526596,0.3104974329471588
298.0,-0.010233559645712376,-0.5000287294387817,1.1888569593429565,-1.9202702045440674,-2.0211715698242188,-0.8894124031066895,1.4242831468582153,0.11926369369029999,0.0023817718029022217,0.9166596531867981,-0.29018154740333557,-0.08294351398944855,0.26201173663139343
299.0,-0.021493377164006233,-0.5479488968849182,1.3141224384307861,-2.1682300567626953,-1.9540565013885498,-1.1433173418045044,1.3966395854949951,0.11331009864807129,0.012253910303115845,0.9572315216064453,-0.20210611820220947,-0.04276840016245842,0.20256319642066956
300.0,-0.03705699369311333,-0.5795035362243652,1.4038766622543335,-2.3441872596740723,-1.8757727146148682,-1.4024698734283447,1.3724491596221924,0.10389235615730286,0.01827731728553772,0.9832666516304016,-0.09743766486644745,-0.015178905799984932,0.15317393839359283
301.0,-0.01662532612681389,-0.5640137791633606,1.3676692247390747,-2.260225296020508,-1.945745825767517,-1.267214298248291,1.3783749341964722,0.12159331887960434,0.011719226837158203,0.970027506351471,-0.14586901664733887,-0.028899529948830605,0.1921815723180771
302.0,-0.030934445559978485,-0.5945096015930176,1.4542644023895264,-2.4089667797088623,-1.8666051626205444,-1.496877670288086,1.349926471710205,0.11432156711816788,0.015983134508132935,0.9877490401268005,-0.050239212810993195,-0.007504865527153015,0.14755254983901978
303.0,-0.03807412460446358,-0.6047943234443665,1.4799617528915405,-2.441593885421753,-1.8419448137283325,-1.554482340812683,1.339857816696167,0.10874980688095093,0.017682716250419617,0.9904632568359375,-0.026645908132195473,-0.0036352609749883413,0.13512738049030304
304.0,-0.04515351727604866,-0.5952646732330322,1.4485607147216797,-2.4136807918548584,-1.8406689167022705,-1.5317624807357788,1.3564410209655762,0.09873563796281815,0.020241647958755493,0.9900481700897217,-0.040998488664627075,-0.0055700973607599735,0.13450896739959717
305.0,-0.048070378601551056,-0.606599748134613,1.477081298828125,-2.436885356903076,-1.8346723318099976,-1.5539568662643433,1.3426532745361328,0.09634911268949509,0.020856410264968872,0.990793764591217,-0.03187834471464157,-0.004231119994074106,0.13150516152381897
306.0,-0.053727224469184875,-0.6030216813087463,1.4630144834518433,-2.4235026836395264,-1.8341732025146484,-1.5428154468536377,1.3503087759017944,0.0884433388710022,0.022796958684921265,0.9905273914337158,-0.04001081362366676,-0.00530163524672389,0.13124988973140717
307.0,-0.06242120638489723,-0.6116631031036377,1.4799001216888428,-2.435894250869751,-1.827246904373169,-1.5584211349487305,1.3429075479507446,0.07824288308620453,0.025395721197128296,0.9911032319068909,-0.03688190504908562,-0.004755635745823383,0.12779507040977478
308.0,-0.0553661547601223,-0.614520251750946,1.4931721687316895,-2.44861102104187,-1.828645944595337,-1.567513108253479,1.3354308605194092,0.08788799494504929,0.02295711636543274,0.9912758469581604,-0.029023373499512672,-0.003762722248211503,0.12851351499557495
309.0,-0.05769028142094612,-0.6285884380340576,1.5304123163223267,-2.4798970222473145,-1.8216534852981567,-1.6001026630401611,1.3167469501495361,0.08692066371440887,0.023216336965560913,0.9920313358306885,-0.014535028487443924,-0.0018334918422624469,0.1251377910375595
310.0,-0.058450307697057724,-0.6439992189407349,1.573391079902649,-2.516684055328369,-1.8167955875396729,-1.6384366750717163,1.2944347858428955,0.08795717358589172,0.022961333394050598,0.9924055933952332,0.0035482067614793777,0.0004396173171699047,0.12295752018690109
311.0,-0.062386445701122284,-0.6386627554893494,1.5552433729171753,-2.5007333755493164,-1.8168748617172241,-1.6255733966827393,1.3044850826263428,0.08224271982908249,0.02440464496612549,0.9924077987670898,-0.004595438949763775,-0.0005691180704161525,0.12290384620428085
312.0,-0.06432100385427475,-0.6274471879005432,1.52218496799469,-2.471959114074707,-1.8214458227157593,-1.596695065498352,1.3217779397964478,0.07793015241622925,0.025492459535598755,0.9919612407684326,-0.0194606501609087,-0.002452547661960125,0.1250128597021103
313.0,-0.06870868057012558,-0.6197248101234436,1.4972530603408813,-2.449136972427368,-1.822418212890625,-1.5740596055984497,1.3348326683044434,0.07110847532749176,0.027159512042999268,0.9915633797645569,-0.0325092151761055,-0.00411175237968564,0.12541255354881287
314.0,-0.07205038517713547,-0.6289989948272705,1.5207149982452393,-2.469367027282715,-1.8194384574890137,-1.5986436605453491,1.3233535289764404,0.06793922185897827,0.027947455644607544,0.9920245409011841,-0.02235390432178974,-0.0027945179026573896,0.12401548027992249
315.0,-0.069692462682724,-0.6361344456672668,1.5425150394439697,-2.488640308380127,-1.8171536922454834,-1.617769479751587,1.3119237422943115,0.07218843698501587,0.02691178023815155,0.99233478307724,-0.011977323330938816,-0.0014844464603811502,0.12298806756734848
316.0,-0.07654594630002975,-0.6416583061218262,1.5531575679779053,-2.4974191188812256,-1.8151965141296387,-1.6332200765609741,1.3071846961975098,0.06388843059539795,0.028958678245544434,0.9924832582473755,-0.007929881103336811,-0.0009757286170497537,0.12211965769529343
317.0,-0.07933070510625839,-0.636402428150177,1.536150574684143,-2.4822020530700684,-1.8180938959121704,-1.618386149406433,1.3162219524383545,0.05910831317305565,0.030156895518302917,0.9922119975090027,-0.01646713726222515,-0.002048830734565854,0.1234503909945488
318.0,-0.08850069344043732,-0.6449801325798035,1.5537910461425781,-2.497490167617798,-1.8172194957733154,-1.6439831256866455,1.3080610036849976,0.04793491214513779,0.0329740047454834,0.9923418760299683,-0.00869741104543209,-0.0010798809817060828,0.1232103630900383
319.0,-0.09786217659711838,-0.6482711434364319,1.5556551218032837,-2.4969091415405273,-1.803527593612671,-1.6518330574035645,1.3079005479812622,0.03780396282672882,0.03551363945007324,0.9931493401527405,-0.009442565962672234,-0.001107312273234129,0.1164647713303566
320.0,-0.08597744256258011,-0.6373792290687561,1.5340371131896973,-2.480053663253784,-1.819287896156311,-1.621983289718628,1.3179643154144287,0.05006038397550583,0.03243371844291687,0.9921080470085144,-0.018040481954813004,-0.002255923580378294,0.1240609884262085
321.0,-0.07775069773197174,-0.6239644289016724,1.502332329750061,-2.45236873626709,-1.8209501504898071,-1.5837403535842896,1.3332021236419678,0.0594291128218174,0.030064672231674194,0.9916594624519348,-0.032344333827495575,-0.0040670884773135185,0.12469471246004105
322.0,-0.07648354023694992,-0.6163001656532288,1.481978178024292,-2.4345767498016357,-1.822475552558899,-1.5631767511367798,1.343235731124878,0.0601150244474411,0.02988186478614807,0.991220235824585,-0.04158778488636017,-0.005261338781565428,0.12540090084075928
323.0,-0.0886620506644249,-0.6246914267539978,1.4963438510894775,-2.4462504386901855,-1.8210111856460571,-1.5861481428146362,1.3372353315353394,0.044561732560396194,0.03380756080150604,0.9915074110031128,-0.03659743070602417,-0.004603173118084669,0.12471041828393936
324.0,-0.09009009599685669,-0.6329027414321899,1.5183029174804688,-2.465686559677124,-1.8194513320922852,-1.6093406677246094,1.3263334035873413,0.043876685202121735,0.03399008512496948,0.9919254183769226,-0.026159074157476425,-0.0032715091947466135,0.12405230104923248
325.0,-0.10925175994634628,-0.6247012615203857,1.4799243211746216,-2.4221198558807373,-1.7537955045700073,-1.5493706464767456,1.3468608856201172,0.026222525164484978,0.03813892602920532,0.993701696395874,-0.06484121084213257,-0.0059509011916816235,0.09119848906993866
326.0,-0.11010539531707764,-0.6349405646324158,1.5077983140945435,-2.446946620941162,-1.7541406154632568,-1.5888534784317017,1.3330817222595215,0.026545850560069084,0.03808215260505676,0.9947382807731628,-0.04596516117453575,-0.004226245917379856,0.09146076440811157
327.0,-0.08669774979352951,-0.6130456328392029,1.46555495262146,-2.4192428588867188,-1.8231548070907593,-1.554526448249817,1.3522987365722656,0.04554971307516098,0.03353947401046753,0.9907466173171997,-0.05079652741551399,-0.006444527301937342,0.12569548189640045
328.0,-0.0855545848608017,-0.6043366193771362,1.4425567388534546,-2.3991591930389404,-1.8245067596435547,-1.5315427780151367,1.3633990287780762,0.045936331152915955,0.033424049615859985,0.9900607466697693,-0.06123941019177437,-0.007816309109330177,0.12636668980121613
329.0,-0.10616444796323776,-0.6148752570152283,1.4551336765289307,-2.401296615600586,-1.7620041370391846,-1.5194928646087646,1.3587760925292969,0.02785000205039978,0.03776809573173523,0.9923744797706604,-0.07782825082540512,-0.00747308973222971,0.09528806060552597
330.0,-0.13062790036201477,-0.6235186457633972,1.4635756015777588,-2.3948185443878174,-1.6736520528793335,1.4395272731781006,1.3556406497955322,0.00864972360432148,0.04094958305358887,-0.0007322957389988005,0.9986456036567688,-0.04991795867681503,-0.014650116674602032
331.0,-0.15369898080825806,-0.6327834129333496,1.4816919565200806,-2.3981382846832275,-1.5941596031188965,1.4171030521392822,1.3470780849456787,-0.00894034095108509,0.041489407420158386,-0.00012311030877754092,0.9998736381530762,-0.009892343543469906,-0.012443436309695244
332.0,-0.16480562090873718,-0.641781210899353,1.504305124282837,-2.413986921310425,-1.571096658706665,1.4060211181640625,1.335883617401123,-0.01846235990524292,0.04152444005012512,1.3744440366281196e-05,0.9999532699584961,0.0014376180479303002,-0.009560118429362774
333.0,-0.14364835619926453,-0.6405426859855652,1.5055091381072998,-2.425957202911377,-1.6341930627822876,1.4268823862075806,1.3353548049926758,6.256578490138054e-05,0.04131874442100525,-0.0002881042310036719,0.9994856119155884,-0.030663490295410156,-0.00939084216952324
334.0,-0.14740300178527832,-0.6484746932983398,1.5261681079864502,-2.442840337753296,-1.6245951652526855,1.423191785812378,1.325117588043213,-0.0019379123114049435,0.041384100914001465,-0.00017673319962341338,0.999634325504303,-0.026188991963863373,-0.006745911203324795
335.0,-0.11317889392375946,-0.6426777243614197,1.5272834300994873,-2.4631316661834717,-1.7455921173095703,-1.6152149438858032,1.3234703540802002,0.024855850264430046,0.03844919800758362,0.9955755472183228,-0.034579042345285416,-0.0030327988788485527,0.08731821924448013
336.0,-0.13173972070217133,-0.6528167724609375,1.5436536073684692,-2.467538595199585,-1.6820470094680786,1.4382375478744507,1.3159945011138916,0.011097870767116547,0.04086308181285858,-0.00024475849932059646,0.9984489679336548,-0.055500131100416183,-0.004403212107717991
337.0,-0.1532665640115738,-0.6596196293830872,1.5554178953170776,-2.466602325439453,-1.609519124031067,1.4174165725708008,1.3104209899902344,-0.005091438535600901,0.04146254062652588,-5.651041283272207e-05,0.9998126029968262,-0.019133692607283592,-0.002952896524220705
338.0,-0.1342875361442566,-0.6609063744544983,1.565453290939331,-2.486567735671997,-1.6767005920410156,1.4357482194900513,1.3049694299697876,0.010065201669931412,0.04092183709144592,-8.270657417597249e-05,0.9985827207565308,-0.05319982022047043,-0.0015524366172030568
339.0,-0.11880511045455933,-0.6619863510131836,1.5784140825271606,-2.5073912143707275,-1.7325886487960815,-1.6953593492507935,1.2976042032241821,0.02250322513282299,0.03894266486167908,0.9966773390769958,0.002054552547633648,0.0001678524276940152,0.08142635971307755
340.0,-0.14425314962863922,-0.6717178821563721,1.592523455619812,-2.5067152976989746,-1.6470454931259155,1.4261209964752197,1.2912724018096924,0.0036593740805983543,0.04121285676956177,7.710309728281572e-05,0.9992448687553406,-0.038804322481155396,0.0019854712300002575
341.0,-0.1667046695947647,-0.6687248349189758,1.577763319015503,-2.479823589324951,-1.5707964897155762,1.404091715812683,1.2989845275878906,-0.01474968995898962,0.04154500365257263,4.657665746143902e-12,1.0,8.369403872166004e-07,-5.565110313909827e-06
342.0,-0.1721893697977066,-0.6751152276992798,1.595496654510498,-2.4957363605499268,-1.5692782402038574,1.398608684539795,1.2897863388061523,-0.02005399577319622,0.041543737053871155,-8.487511422572425e-07,0.9999971389770508,0.0003572717832867056,0.0023756385780870914
343.0,-0.17977498471736908,-0.6717718839645386,1.586213231086731,-2.4874343872070312,-1.5696574449539185,1.391021728515625,1.294379472732544,-0.030765729025006294,0.04154466092586517,-4.3027762330893893e-07,0.9999993443489075,0.0003638582129497081,0.0011825410183519125
344.0,-0.1872081458568573,-0.6680045127868652,1.5758709907531738,-2.4784135818481445,-1.5707299709320068,1.383588194847107,1.2994146347045898,-0.04155847057700157,0.04154500365257263,6.486691184193205e-09,1.0,5.5779826652724296e-05,-0.00011629099026322365
345.0,-0.18859049677848816,-0.6765258312225342,1.599351167678833,-2.498966932296753,-1.5668511390686035,1.3822077512741089,1.2873321771621704,-0.04045050963759422,0.041542693972587585,-4.302648903831141e-06,0.9999945759773254,0.0014365804381668568,0.002995047252625227
346.0,-0.18711693584918976,-0.6834319233894348,1.618708848953247,-2.5163774490356445,-1.5652954578399658,1.3836883306503296,1.2773616313934326,-0.036410436034202576,0.04153749346733093,-9.720731213747058e-06,0.9999829530715942,0.0017439831281080842,0.0055737728253006935
347.0,-0.17885902523994446,-0.6796180009841919,1.6079994440078735,-2.5067508220672607,-1.5668790340423584,1.3919419050216675,1.2831716537475586,-0.02711319364607334,0.04154099524021149,-5.108478490001289e-06,0.9999909996986389,0.0012537132715806365,0.004074642434716225
348.0,-0.17879478633403778,-0.6859456896781921,1.6258426904678345,-2.522933006286621,-1.5656118392944336,1.3920142650604248,1.2738828659057617,-0.025153063237667084,0.04153528809547424,-9.482226232648827e-06,0.9999780058860779,0.0014625350013375282,0.006483276840299368
349.0,-0.16762028634548187,-0.682708740234375,1.6170897483825684,-2.516094923019409,-1.5723211765289307,1.403185248374939,1.2786458730697632,-0.012738579884171486,0.04153832793235779,8.73636054166127e-06,0.9999849200248718,-0.0016624259296804667,0.0052551086992025375
350.0,-0.14118535816669464,-0.6777878403663635,1.6111892461776733,-2.526151180267334,-1.6607224941253662,1.4290401935577393,1.2814723253250122,0.0068869562819600105,0.041074126958847046,0.0002082733262795955,0.9989292621612549,-0.04604233801364899,0.004518674220889807
351.0,-0.14611083269119263,-0.6852116584777832,1.6309936046600342,-2.542417526245117,-1.6475704908370972,1.42426598072052,1.2711713314056396,0.004137696698307991,0.04118436574935913,0.0002862091059796512,0.9991800785064697,-0.03984666243195534,0.007176873739808798
352.0,-0.12951549887657166,-0.6874770522117615,1.6461185216903687,-2.5660085678100586,-1.7064610719680786,1.4400957822799683,1.2625118494033813,0.017217189073562622,0.0399838387966156,0.0006482330500148237,0.9975340366363525,-0.06956300139427185,0.00929566752165556
353.0,-0.17257319390773773,-0.6926273107528687,1.6449254751205444,-2.5404789447784424,-1.565000057220459,1.3982487916946411,1.263971209526062,-0.015380552969872952,0.04152652621269226,-1.2345864888629876e-05,0.9999580383300781,0.0013625228311866522,0.009060652926564217
354.0,-0.16023418307304382,-0.6987753510475159,1.6662371158599854,-2.5683441162109375,-1.6069124937057495,1.4105030298233032,1.2526288032531738,-0.004485141020268202,0.04142351448535919,0.00024206642410717905,0.9997238516807556,-0.02022377774119377,0.011966092512011528
355.0,-0.1778057962656021,-0.7027742266654968,1.6742303371429443,-2.567382574081421,-1.5622717142105103,1.3930459022521973,1.2482967376708984,-0.01876728981733322,0.041506290435791016,-2.5886387447826564e-05,0.9999120831489563,0.001972825964912772,0.013120322488248348
356.0,-0.17083996534347534,-0.7074790000915527,1.689184546470642,-2.5842223167419434,-1.5760926008224487,1.4000334739685059,1.2403182983398438,-0.01084175519645214,0.041488125920295715,8.053280907915905e-05,0.9998708367347717,-0.005304965190589428,0.015178687870502472
357.0,-0.1876850426197052,-0.7085327506065369,1.6906883716583252,-2.581477642059326,-1.555723786354065,1.383180022239685,1.2392284870147705,-0.02839459665119648,0.04148775339126587,-7.312707020901144e-05,0.9998700022697449,0.00474255857989192,0.015417326241731644
358.0,-0.1916390061378479,-0.7150816917419434,1.710013747215271,-2.5992300510406494,-1.5529261827468872,1.3792541027069092,1.2286640405654907,-0.030828509479761124,0.04146572947502136,-0.0001012770808301866,0.999819815158844,0.005580801051110029,0.018144140020012856
359.0,-0.1983339935541153,-0.7111685276031494,1.6980018615722656,-2.586944818496704,-1.5491982698440552,1.3725248575210571,1.2349339723587036,-0.03977416083216667,0.04147273302078247,-0.00012702052481472492,0.999834418296814,0.007698725443333387,0.016496170312166214
360.0,-0.20281782746315002,-0.7188364863395691,1.7206226587295532,-2.607370376586914,-1.5443586111068726,1.3680663108825684,1.2224997282028198,-0.04203100502490997,0.041440874338150024,-0.0001860468473751098,0.9997614026069641,0.009443243965506554,0.019696878269314766
361.0,-0.18824619054794312,-0.7221598625183105,1.7313976287841797,-2.6195647716522217,-1.5521883964538574,1.3826876878738403,1.2170870304107666,-0.024319825693964958,0.04144003987312317,-0.00011512343189679086,0.9997614622116089,0.005440743640065193,0.02115445025265217
362.0,-0.17853638529777527,-0.7133246064186096,1.7052891254425049,-2.596198797225952,-1.5594273805618286,1.3923583030700684,1.2315348386764526,-0.01621105894446373,0.04147639870643616,-4.584716589306481e-05,0.9998441934585571,0.002625216031447053,0.01746142841875553
363.0,-0.13737589120864868,-0.7078532576560974,1.7035194635391235,-2.618048906326294,-1.6896413564682007,1.4325224161148071,1.2318155765533447,0.01414863858371973,0.040514469146728516,0.0010835391003638506,0.99790358543396,-0.06234188750386238,0.01734415628015995
364.0,-0.12597016990184784,-0.43176260590553284,1.010337233543396,0.9493595957756042,1.7215739488601685,1.2926679849624634,1.252888560295105,0.020576614886522293,0.039312198758125305,0.9941696524620056,0.07416306436061859,0.005822860635817051,0.07805652916431427
365.0,-0.11667373031377792,-0.4448759853839874,1.042341947555542,0.9218607544898987,1.7568005323410034,1.2991235256195068,1.2409905195236206,0.028193725273013115,0.03769537806510925,0.9925461411476135,0.07467938214540482,0.007225796114653349,0.09603636711835861
366.0,-0.10680876672267914,-0.4530509412288666,1.0642858743667603,0.9015433192253113,1.7924593687057495,1.3125056028366089,1.2323461771011353,0.03590615838766098,0.03591224551200867,0.9908409714698792,0.07197381556034088,0.008277546614408493,0.11395440250635147
367.0,-0.0920599028468132,-0.44497913122177124,1.053763747215271,0.9066057205200195,1.8190020322799683,1.3487530946731567,1.2348755598068237,0.04978267475962639,0.03245258331298828,0.9900569915771484,0.061000194400548935,0.0077948374673724174,0.12651327252388
368.0,-0.09023953974246979,-0.4290952682495117,1.0193768739700317,0.9317595958709717,1.8189051151275635,1.3746556043624878,1.2470885515213013,0.05093158781528473,0.03218185901641846,0.990789532661438,0.04949166625738144,0.006288192700594664,0.12588535249233246
369.0,-0.08944802731275558,-0.40963292121887207,0.9765235781669617,0.9627512693405151,1.8176876306533813,1.4038732051849365,1.261967658996582,0.050763413310050964,0.03224208950996399,0.9915339350700378,0.03589339926838875,0.0045143598690629005,0.12470652163028717
370.0,-0.09852014482021332,-0.4140149652957916,0.981270432472229,0.9598901867866516,1.8128759860992432,1.3905690908432007,1.261196255683899,0.04015325754880905,0.034918367862701416,0.9917267560958862,0.03790080174803734,0.00468367338180542,0.12255477160215378
371.0,-0.09664666652679443,-0.398216187953949,0.9472192525863647,0.9841808080673218,1.814782977104187,1.4162667989730835,1.272515892982483,0.041124120354652405,0.034684762358665466,0.9920432567596436,0.02642979472875595,0.0032782501075416803,0.12304922193288803
372.0,-0.11464834958314896,-0.39510828256607056,0.9331064224243164,1.0012396574020386,1.7527045011520386,1.3980315923690796,1.2783992290496826,0.027017997577786446,0.03798685967922211,0.9953638315200806,0.027497868984937668,0.0025452233385294676,0.09213162213563919
373.0,-0.11383309960365295,-0.3810342252254486,0.9024033546447754,1.0229886770248413,1.7526376247406006,1.425593614578247,1.28822660446167,0.026944315060973167,0.0380050390958786,0.9956789016723633,0.014417925849556923,0.0013282571453601122,0.09172730147838593
374.0,-0.09386242181062698,-0.38106846809387207,0.9108015298843384,1.0100481510162354,1.8150795698165894,1.4432166814804077,1.2841432094573975,0.043516531586647034,0.034087374806404114,0.9923215508460999,0.01484115980565548,0.0018362709088250995,0.12277822941541672
375.0,-0.09046877175569534,-0.36664697527885437,0.8808016777038574,1.0310983657836914,1.8155568838119507,1.4657517671585083,1.2932990789413452,0.04695779085159302,0.03322117030620575,0.9924249649047852,0.005673713982105255,0.0007015898008830845,0.12271947413682938
376.0,-0.07731836289167404,-0.36040401458740234,0.8742882609367371,1.0352543592453003,1.814200520515442,1.481160044670105,1.2939965724945068,0.06405381113290787,0.028917580842971802,0.9925345182418823,0.004798396956175566,0.0005891707842238247,0.12186826765537262
377.0,-0.07863502949476242,-0.37464639544487,0.9050451517105103,1.0136611461639404,1.8154246807098389,1.4608237743377686,1.2844609022140503,0.06292407214641571,0.02919928729534149,0.992344081401825,0.013918879441916943,0.0017211040249094367,0.12270583212375641
378.0,-0.06874273717403412,-0.3648773729801178,0.8888339996337891,1.0248723030090332,1.8167319297790527,1.4807970523834229,1.2884228229522705,0.07511094957590103,0.026195615530014038,0.9923474192619324,0.009200034663081169,0.0011415259214118123,0.12312890589237213
379.0,-0.07235906273126602,-0.3829285204410553,0.9269351363182068,0.9984567761421204,1.8189033269882202,1.4558970928192139,1.2765504121780396,0.07100504636764526,0.02719631791114807,0.9920285940170288,0.019350461661815643,0.002428402891382575,0.1244954839348793
380.0,-0.0820428803563118,-0.3941133916378021,0.9462679028511047,0.984467089176178,1.817610740661621,1.4317655563354492,1.271371841430664,0.059311479330062866,0.030099719762802124,0.9919073581695557,0.026166873052716255,0.0032763262279331684,0.12419567257165909
381.0,-0.0789368748664856,-0.4055330157279968,0.9733909964561462,0.9651391506195068,1.8188450336456299,1.4179637432098389,1.261846899986267,0.0638132393360138,0.02896103262901306,0.991550862789154,0.03431288152933121,0.004326465539634228,0.12502330541610718
382.0,-0.07405567914247513,-0.41360777616500854,0.9941841959953308,0.9505952596664429,1.8226897716522217,1.4130514860153198,1.2539708614349365,0.0699554979801178,0.027430936694145203,0.9911203384399414,0.03900653123855591,0.0049989838153123856,0.12701959908008575
383.0,-0.080724336206913,-0.42385756969451904,1.0131486654281616,0.9364494681358337,1.820526361465454,1.390350341796875,1.2482082843780518,0.06241779029369354,0.02929547429084778,0.9908697605133057,0.046637654304504395,0.005947411991655827,0.1263594925403595
384.0,-0.07981568574905396,-0.4393545985221863,1.04826819896698,0.9109923839569092,1.8230913877487183,1.3695175647735596,1.235420823097229,0.06418560445308685,0.028831899166107178,0.990098774433136,0.05699735879898071,0.0073725394904613495,0.12806807458400726
385.0,-0.08449308574199677,-0.4518771171569824,1.073549747467041,0.8922405242919922,1.8227673768997192,1.3462423086166382,1.2266712188720703,0.05922025814652443,0.030062362551689148,0.9894924163818359,0.06582603603601456,0.008544964715838432,0.12844730913639069
386.0,-0.08400022238492966,-0.4640699028968811,1.1011708974838257,0.8719105124473572,1.82476007938385,1.3293687105178833,1.216161847114563,0.060408491641283035,0.02974182367324829,0.9887129664421082,0.07406263798475266,0.009728461503982544,0.1298719197511673
387.0,-0.07526722550392151,-0.4611632227897644,1.0997655391693115,0.8735073208808899,1.8288456201553345,1.3445072174072266,1.215507984161377,0.0704212337732315,0.027244865894317627,0.9887211322784424,0.07101572304964066,0.009446733631193638,0.1315227746963501
388.0,-0.07585124671459198,-0.44869664311408997,1.0714789628982544,0.8942875266075134,1.8265997171401978,1.3613698482513428,1.2262847423553467,0.06923158466815948,0.027561262249946594,0.9894921779632568,0.06275051087141037,0.008244160562753677,0.12999945878982544
389.0,-0.07049117237329483,-0.42727693915367126,1.0267239809036255,0.927414059638977,1.8268815279006958,1.3989421129226685,1.2419040203094482,0.07463108003139496,0.02626463770866394,0.9904433488845825,0.04743168503046036,0.006194944493472576,0.12935954332351685
390.0,-0.06635888665914536,-0.4477594494819641,1.0748951435089111,0.8924300670623779,1.8323900699615479,1.375069499015808,1.2236088514328003,0.08013350516557693,0.024866297841072083,0.9892762303352356,0.06073225662112236,0.008139271289110184,0.13258174061775208
391.0,-0.057982515543699265,-0.48222658038139343,1.1451830863952637,0.7893463969230652,1.8655986785888672,1.181918978691101,1.204354166984558,0.08652106672525406,0.022136837244033813,0.9753693342208862,0.15404431521892548,0.024628866463899612,0.15594370663166046
392.0,-0.06027936935424805,-0.5255025625228882,1.2280179262161255,0.6559970378875732,1.8822667598724365,0.9578613042831421,1.1841938495635986,0.08252407610416412,0.020736485719680786,0.9495550990104675,0.2521969974040985,0.047845885157585144,0.18014608323574066
393.0,-0.061346378177404404,-0.5782442092895508,1.3339289426803589,0.4592570960521698,1.8963745832443237,0.7106021046638489,1.1609481573104858,0.08062246441841125,0.015163242816925049,0.905907928943634,0.3512609004974365,0.08551046252250671,0.22053296864032745
394.0,-0.07634296268224716,-0.5211660861968994,1.214121699333191,0.6988964080810547,1.850633144378662,0.9909932017326355,1.1864820718765259,0.06808925420045853,0.025695204734802246,0.9582861661911011,0.23359057307243347,0.03900281712412834,0.1600058525800705
395.0,-0.07945889979600906,-0.5793747305870056,1.3276011943817139,0.4924010932445526,1.8569289445877075,0.6889410614967346,1.1615432500839233,0.06545838713645935,0.020805150270462036,0.9079506397247314,0.3597065210342407,0.07919949293136597,0.19991078972816467
396.0,-0.09061873704195023,-0.6674953103065491,1.5289347171783447,0.08040836453437805,1.8234424591064453,0.33095699548721313,1.1208453178405762,0.061250779777765274,0.002443850040435791,0.8130590319633484,0.48002368211746216,0.16747283935546875,0.28366371989250183
397.0,-0.24506624042987823,-0.7318386435508728,1.7665767669677734,-0.44590768218040466,1.299416184425354,-0.17715153098106384,1.076082468032837,-0.0192943774163723,-0.029195092618465424,0.594921886920929,0.64311683177948,0.35393550992012024,0.3274116814136505
398.0,-0.1998273730278015,-0.7364577054977417,1.7711576223373413,-0.4609483480453491,1.452400803565979,-0.07618959993124008,1.075603723526001,0.005834401585161686,-0.028149470686912537,0.638344943523407,0.6016719937324524,0.329305499792099,0.34937724471092224
399.0,-0.15995250642299652,-0.7310814261436462,1.737167477607727,-0.3842637240886688,1.5879155397415161,0.012267488986253738,1.0823087692260742,0.026313791051506996,-0.023080021142959595,0.683247983455658,0.5695508718490601,0.29257258772850037,0.3509775996208191
400.0,-0.11289701610803604,-0.7063112258911133,1.6423578262329102,-0.16964291036128998,1.7496377229690552,0.16961151361465454,1.0994149446487427,0.05001285672187805,-0.011067405343055725,0.7538595795631409,0.5224359035491943,0.22695398330688477,0.3274879455566406
401.0,-0.13196933269500732,-0.7240121364593506,1.755396842956543,-0.46075451374053955,1.6754035949707031,0.06692052632570267,1.0782334804534912,0.04338468238711357,-0.034899644553661346,0.694006085395813,0.5356869697570801,0.29392504692077637,0.38079285621643066
402.0,-0.08198700845241547,-0.6999834775924683,1.6574593782424927,-0.24835200607776642,1.8386099338531494,0.22326360642910004,1.0973926782608032,0.07053433358669281,-0.022074982523918152,0.7591145634651184,0.4875686466693878,0.23308345675468445,0.36289671063423157
403.0,-0.06018669903278351,-0.6377618312835693,1.4724669456481934,0.16980554163455963,1.9059627056121826,0.47746309638023376,1.1325454711914062,0.08227261900901794,0.0010624825954437256,0.8462139964103699,0.4270743727684021,0.1435646265745163,0.2844619154930115
404.0,-0.043519798666238785,-0.6134765148162842,1.4249403476715088,0.24974632263183594,1.949772596359253,0.5848067998886108,1.1425329446792603,0.09429587423801422,0.0011948049068450928,0.8683618307113647,0.38916653394699097,0.12571875751018524,0.2805209457874298
405.0,-0.02675039693713188,-0.5955730676651001,1.395562767982483,0.28525227308273315,1.9937372207641602,0.6610638499259949,1.1493335962295532,0.10696529597043991,-0.001650586724281311,0.879612147808075,0.3598969578742981,0.11779209971427917,0.2878917455673218
406.0,-0.019160205498337746,-0.5650345683097839,1.331516146659851,0.40240049362182617,2.005849599838257,0.7811540961265564,1.1634650230407715,0.11369891464710236,0.0013321340084075928,0.9028477668762207,0.31962183117866516,0.09597449749708176,0.2711027264595032
407.0,-0.02048344723880291,-0.5263785123825073,1.2478512525558472,0.5620076060295105,1.984336018562317,0.9367545247077942,1.1823145151138306,0.11480195075273514,0.007429987192153931,0.9322698712348938,0.26449325680732727,0.0673641785979271,0.23744121193885803
408.0,-0.03966750204563141,-0.5214306712150574,1.2281044721603394,0.6261239647865295,1.9281326532363892,0.9643999338150024,1.185813546180725,0.10008173435926437,0.014495223760604858,0.9440533518791199,0.25293391942977905,0.05476934090256691,0.20442169904708862
409.0,-0.04514395818114281,-0.4638328552246094,1.1126378774642944,0.8180519938468933,1.880050778388977,1.2405955791473389,1.2140873670578003,0.09935013949871063,0.01892051100730896,0.9778659343719482,0.1322428584098816,0.021729664877057076,0.16067937016487122
410.0,-0.055059194564819336,-0.426799476146698,1.0345507860183716,0.9221420884132385,1.8368277549743652,1.416368007659912,1.2367753982543945,0.09251255542039871,0.02176719903945923,0.989871084690094,0.046506304293870926,0.006295078434050083,0.1339886337518692
411.0,-0.04392210766673088,-0.4114118814468384,1.0067062377929688,0.9426745176315308,1.8440474271774292,1.449703335762024,1.2448883056640625,0.10480061918497086,0.018673032522201538,0.9898967742919922,0.035977449268102646,0.004981373902410269,0.13705933094024658
412.0,-0.04433268681168556,-0.39827960729599,0.9769996404647827,0.9633529186248779,1.8390734195709229,1.4628266096115112,1.255478024482727,0.10456186532974243,0.018753498792648315,0.9904743432998657,0.029604444280266762,0.004017643164843321,0.1344180852174759
413.0,-0.053658414632081985,-0.40974223613739014,0.9972091913223267,0.9489551782608032,1.8335819244384766,1.439184546470642,1.249934434890747,0.09401525557041168,0.021422654390335083,0.9905688762664795,0.036375269293785095,0.0048476215451955795,0.13201011717319489
414.0,-0.05763520672917366,-0.39810416102409363,0.9689067006111145,0.9686298966407776,1.8279005289077759,1.4480328559875488,1.2604621648788452,0.08930593729019165,0.022600442171096802,0.9911664128303528,0.030276518315076828,0.003942384850233793,0.12906238436698914
415.0,-0.061922844499349594,-0.4186089038848877,1.012245535850525,0.9378892183303833,1.8308589458465576,1.4191712141036987,1.2458858489990234,0.08438536524772644,0.023823916912078857,0.9904839992523193,0.04190576449036598,0.005541409365832806,0.13097667694091797
416.0,-0.06505478918552399,-0.4066610336303711,0.983754575252533,0.9581264853477478,1.8259831666946411,1.430722713470459,1.2563945055007935,0.08054417371749878,0.024813100695610046,0.9911013841629028,0.0349280908703804,0.004523803014308214,0.12836506962776184
417.0,-0.06521181762218475,-0.3906538486480713,0.948026716709137,0.9834362268447876,1.823070764541626,1.4511961936950684,1.2686270475387573,0.07998479902744293,0.024966493248939514,0.9916282892227173,0.025086266919970512,0.003203357569873333,0.12662465870380402
418.0,-0.05753670260310173,-0.3788946866989136,0.9261958003044128,0.998617947101593,1.8234777450561523,1.4715937376022339,1.2748303413391113,0.08926346153020859,0.022627711296081543,0.9917703866958618,0.019096845760941505,0.002437230432406068,0.12657447159290314
419.0,-0.0502348467707634,-0.387677401304245,0.9498163461685181,0.9821709394454956,1.829589605331421,1.4676421880722046,1.2658237218856812,0.09807443618774414,0.020446479320526123,0.9912511110305786,0.02452484890818596,0.0032077461946755648,0.12965142726898193
420.0,-0.04826587066054344,-0.3718720078468323,0.9156820774078369,1.005601406097412,1.8265585899353027,1.4864530563354492,1.276924729347229,0.10047377645969391,0.019833967089653015,0.9916409850120544,0.01652602106332779,0.0021322958637028933,0.12794804573059082
421.0,-0.041305311024188995,-0.37451061606407166,0.9256294369697571,0.9989333152770996,1.8325774669647217,1.4908010959625244,1.272456407546997,0.10861531645059586,0.017742037773132324,0.9912334084510803,0.017823822796344757,0.0023536558728665113,0.13089348375797272
422.0,-0.04244449362158775,-0.3551884591579437,0.8818849325180054,1.0286588668823242,1.8252074718475342,1.5095155239105225,1.286887764930725,0.1076585203409195,0.017996907234191895,0.9918559789657593,0.00836222805082798,0.0010714434320107102,0.12708543241024017
423.0,-0.053312089294195175,-0.3639754056930542,0.8953412175178528,1.0198969841003418,1.8220405578613281,1.4923760890960693,1.284254550933838,0.0943397507071495,0.021386027336120605,0.9920098781585693,0.011230623349547386,0.001422517467290163,0.12565210461616516
424.0,-0.04774126037955284,-0.3444983959197998,0.8551225662231445,1.0468798875808716,1.8200267553329468,1.5169556140899658,1.2961080074310303,0.1012016236782074,0.01965022087097168,0.9922216534614563,0.0021999203599989414,0.00027595891151577234,0.12446470558643341
425.0,-0.05130493640899658,-0.3325149118900299,0.8265237808227539,1.066241979598999,1.8197753429412842,1.528025507926941,1.305294394493103,0.09616610407829285,0.020941585302352905,0.9922356605529785,-0.0048886374570429325,-0.0006122901104390621,0.12427514046430588
426.0,-0.04836603254079819,-0.31650057435035706,0.7925970554351807,1.0884413719177246,1.8243943452835083,1.5458561182022095,1.314800500869751,0.09883659332990646,0.02025952935218811,0.9918942451477051,-0.012014228850603104,-0.0015320704551413655,0.12648768723011017
427.0,-0.047250937670469284,-0.2998211681842804,0.7562650442123413,1.1121721267700195,1.8284664154052734,1.5622403621673584,1.3248358964920044,0.09921428561210632,0.020157232880592346,0.9915233254432678,-0.019325967878103256,-0.002503818366676569,0.12845899164676666
428.0,-0.04288579151034355,-0.3220609426498413,0.8078957796096802,1.0776517391204834,1.825774908065796,1.5418230295181274,1.3096048831939697,0.10603300482034683,0.018406331539154053,0.9918504953384399,-0.007364348042756319,-0.0009443787857890129,0.12719151377677917
429.0,-0.0403866171836853,-0.30344024300575256,0.7679203152656555,1.1034796237945557,1.8309357166290283,1.559768557548523,1.3206806182861328,0.10807649791240692,0.017883196473121643,0.9914423227310181,-0.014738834463059902,-0.001928073586896062,0.12969641387462616
430.0,-0.03243542090058327,-0.28079575300216675,0.7221481800079346,1.1323332786560059,1.845417857170105,1.5814509391784668,1.331846833229065,0.11602609604597092,0.0158471018075943,0.9903610348701477,-0.02114282175898552,-0.0029216809198260307,0.1368558406829834
431.0,-0.02984420396387577,-0.2943749725818634,0.7535987496376038,1.1117476224899292,1.8465548753738403,1.5714391469955444,1.3229552507400513,0.1195642352104187,0.014961659908294678,0.9903948307037354,-0.015086239203810692,-0.002093362156301737,0.13742688298225403
432.0,-0.03495008498430252,-0.3118876814842224,0.7896221876144409,1.0889843702316284,1.8323194980621338,1.5550271272659302,1.313666820526123,0.11527235805988312,0.01607467234134674,0.9914126992225647,-0.009774227626621723,-0.0012855827808380127,0.13039833307266235
433.0,-0.036191243678331375,-0.3264961540699005,0.8214480876922607,1.068560242652893,1.8217483758926392,1.541471242904663,1.3045405149459839,0.11555629223585129,0.01601812243461609,0.9921242594718933,-0.003861843142658472,-0.000487330777104944,0.1251973807811737
434.0,-0.03486817702651024,-0.3427254855632782,0.8582838773727417,1.0440832376480103,1.8252211809158325,1.5265040397644043,1.2930957078933716,0.11715687066316605,0.01561504602432251,0.9918963313102722,0.003966290503740311,0.0005077830282971263,0.12698717415332794
435.0,-0.013396596536040306,-0.3158762454986572,0.812656819820404,1.0737905502319336,1.898862600326538,1.57009756565094,1.3026107549667358,0.1338445097208023,0.010676473379135132,0.9865567088127136,-0.006282027345150709,-0.0010398036101832986,0.16329525411128998
436.0,-0.0012388416798785329,-0.3274560868740082,0.8455287218093872,1.0430759191513062,1.9434597492218018,1.5443040132522583,1.2915452718734741,0.14321987330913544,0.007453426718711853,0.9826119542121887,0.011514128185808659,0.002171336207538843,0.18530112504959106
437.0,0.0031199129298329353,-0.34642457962036133,0.8887151479721069,1.0014089345932007,1.9635310173034668,1.5000956058502197,1.279115080833435,0.14593830704689026,0.006083160638809204,0.980121374130249,0.03354788199067116,0.006689146161079407,0.19542738795280457
438.0,-0.022343343123793602,-0.3502160906791687,0.8816057443618774,1.0235759019851685,1.8700300455093384,1.5171412229537964,1.2840991020202637,0.126857191324234,0.012850791215896606,0.9886946082115173,0.014300134032964706,0.002158618299290538,0.14924435317516327
439.0,-0.028396613895893097,-0.37050506472587585,0.9233154058456421,0.9964834451675415,1.8568627834320068,1.4947302341461182,1.2715497016906738,0.12140560895204544,0.014371514320373535,0.9894863963127136,0.022055672481656075,0.003185220528393984,0.14289894700050354
440.0,-0.033824142068624496,-0.38638028502464294,0.9561082124710083,0.9762876629829407,1.8489646911621094,1.4807771444320679,1.2611238956451416,0.11604808270931244,0.01580110192298889,0.9899247288703918,0.026103394106030464,0.0036684442311525345,0.1391192078590393
441.0,-0.01999421790242195,-0.40577003359794617,1.0019052028656006,0.9148479104042053,1.906009554862976,1.3907312154769897,1.2474623918533325,0.12532451748847961,0.012452945113182068,0.982789933681488,0.073822021484375,0.012683810666203499,0.16885913908481598
442.0,-0.009380870498716831,-0.38980820775032043,0.9729295372962952,0.9319093227386475,1.9322813749313354,1.414244294166565,1.2559257745742798,0.13465410470962524,0.00964134931564331,0.9810354709625244,0.06729545444250107,0.01243959553539753,0.18134485185146332
443.0,-0.0006928840302862227,-0.4272162616252899,1.0550755262374878,0.8239319920539856,1.9859421253204346,1.2825886011123657,1.2329386472702026,0.13791295886039734,0.00630420446395874,0.9684819579124451,0.12781044840812683,0.027971642091870308,0.211954727768898
444.0,0.012698274105787277,-0.41021519899368286,1.0285260677337646,0.8400057554244995,2.0272767543792725,1.3199363946914673,1.2397353649139404,0.14873990416526794,0.002167239785194397,0.965765118598938,0.11517991125583649,0.027527157217264175,0.23081077635288239
445.0,0.025564810261130333,-0.38074207305908203,0.9771454334259033,0.8861123919487,2.0668158531188965,1.3869223594665527,1.252782940864563,0.15964004397392273,-0.0018825754523277283,0.9642856121063232,0.09045866131782532,0.023250611498951912,0.24785056710243225
446.0,0.03672702610492706,-0.35118567943573,0.9264277219772339,0.9318391680717468,2.106666326522827,1.446484088897705,1.2649381160736084,0.16877686977386475,-0.006147339940071106,0.9613858461380005,0.0691181942820549,0.019102133810520172,0.26569730043411255
447.0,0.06586868315935135,-0.33790746331214905,0.9323982000350952,0.8910284042358398,2.2430849075317383,1.4343856573104858,1.2588396072387695,0.18817153573036194,-0.019924215972423553,0.9397752285003662,0.0812416821718216,0.028593875467777252,0.33076387643814087
448.0,0.061878859996795654,-0.37291160225868225,0.9977518320083618,0.8071247935295105,2.2297801971435547,1.346437931060791,1.2439017295837402,0.183793842792511,-0.018777787685394287,0.9374783039093018,0.11242016404867172,0.03921838104724884,0.32704436779022217
449.0,0.041312865912914276,-0.4067245125770569,1.0448037385940552,0.7741024494171143,2.1444807052612305,1.2841823101043701,1.2342699766159058,0.1683771312236786,-0.009875252842903137,0.9469625353813171,0.13395459949970245,0.04091129079461098,0.2892133593559265
450.0,0.03262436017394066,-0.43643876910209656,1.0981746912002563,0.7109581232070923,2.12091326713562,1.20418381690979,1.2212148904800415,0.16025355458259583,-0.0074110329151153564,0.9440004229545593,0.16358061134815216,0.04892365634441376,0.2823314666748047
451.0,0.022078508511185646,-0.46465063095092773,1.148283839225769,0.6543686389923096,2.0940206050872803,1.1277610063552856,1.208358645439148,0.15061335265636444,-0.004487238824367523,0.9405328035354614,0.1918899416923523,0.05603623390197754,0.2746570110321045
452.0,0.00807265006005764,-0.4795314371585846,1.168605923652649,0.6475510597229004,2.050539016723633,1.0937691926956177,1.2029345035552979,0.13949799537658691,0.0005618780851364136,0.9431450963020325,0.20476369559764862,0.05554870143532753,0.25585827231407166
453.0,-0.015011414885520935,-0.4397084712982178,1.0740455389022827,0.823418915271759,1.9451196193695068,1.2697539329528809,1.2268939018249512,0.1261788159608841,0.010705038905143738,0.9724506139755249,0.1294119656085968,0.025576770305633545,0.19219356775283813
454.0,-0.01513926312327385,-0.46883442997932434,1.1333764791488647,0.7414711117744446,1.9654648303985596,1.162603735923767,1.2108478546142578,0.12335480749607086,0.0097636878490448,0.9616051912307739,0.17500045895576477,0.03785068169236183,0.20798468589782715
455.0,-0.008915122598409653,-0.5064533948898315,1.2133233547210693,0.6027979850769043,2.008711099624634,1.0084789991378784,1.1912342309951782,0.12495389580726624,0.005049541592597961,0.9387279748916626,0.23718781769275665,0.06125832349061966,0.24244458973407745
456.0,-0.00022683737915940583,-0.5600523352622986,1.3358591794967651,0.3604084551334381,2.064213752746582,0.7954864501953125,1.1632493734359741,0.12765371799468994,-0.006415531039237976,0.8965926766395569,0.3091089129447937,0.10336414724588394,0.2998151481151581
457.0,-0.03646610677242279,-0.6618549823760986,1.570085048675537,-0.09795770049095154,1.9786354303359985,0.3949607312679291,1.1148312091827393,0.09922192990779877,-0.020873278379440308,0.8062596321105957,0.4271675944328308,0.1915895938873291,0.3616167902946472
458.0,-0.06607475876808167,-0.6980596780776978,1.6952409744262695,-0.37938910722732544,1.8823479413986206,0.21446873247623444,1.0910513401031494,0.08184158056974411,-0.0366608202457428,0.744208574295044,0.47098788619041443,0.25328385829925537,0.4002141058444977
459.0,-0.01686122640967369,-0.6482406854629517,1.5528066158294678,-0.09631145000457764,2.0387628078460693,0.4411433935165405,1.1194920539855957,0.11254043132066727,-0.025724641978740692,0.812273383140564,0.40358778834342957,0.18737632036209106,0.37711942195892334
460.0,0.0048361788503825665,-0.6126391291618347,1.4731876850128174,0.048274312168359756,2.103963613510132,0.5779404640197754,1.1357803344726562,0.12806923687458038,-0.023259475827217102,0.8420940637588501,0.36128541827201843,0.1578833907842636,0.36799901723861694
461.0,0.022691544145345688,-0.5500317215919495,1.3350296020507812,0.3125937581062317,2.1425912380218506,0.8130589127540588,1.1647101640701294,0.14396560192108154,-0.016279399394989014,0.8877135515213013,0.29364293813705444,0.11136095225811005,0.3366559147834778
462.0,0.026124875992536545,-0.6061708927154541,1.486904263496399,-0.041991978883743286,2.1840693950653076,0.5696502327919006,1.1348352432250977,0.14188556373119354,-0.03490535169839859,0.8284159898757935,0.34330177307128906,0.16943301260471344,0.4088560938835144
463.0,0.002025474328547716,-0.643983781337738,1.5840784311294556,-0.22036489844322205,2.1019861698150635,0.4178906977176666,1.1138570308685303,0.1250942051410675,-0.04216285049915314,0.7955216765403748,0.38899877667427063,0.20407645404338837,0.41734641790390015
464.0,-0.017541922628879547,-0.6616098880767822,1.624319314956665,-0.2791467010974884,2.0353217124938965,0.3499101400375366,1.1049188375473022,0.11250971257686615,-0.042805641889572144,0.7805201411247253,0.4160602390766144,0.21947044134140015,0.4117218852043152
465.0,-0.03982781246304512,-0.6779097318649292,1.6630299091339111,-0.33490410447120667,1.9624344110488892,0.2825363576412201,1.0960732698440552,0.09853871166706085,-0.04346626251935959,0.7635930776596069,0.44349464774131775,0.23569679260253906,0.4058142304420471
466.0,-0.07067624479532242,-0.6923221945762634,1.706173062324524,-0.39578622579574585,1.860650897026062,0.2004806399345398,1.0853182077407837,0.08045756816864014,-0.04754740744829178,0.740201473236084,0.4793175756931305,0.2563055157661438,0.39580798149108887
467.0,-0.11056134849786758,-0.7115768194198608,1.7423593997955322,-0.44428786635398865,1.739261269569397,0.110957071185112,1.0788261890411377,0.05643961578607559,-0.04266270250082016,0.7106415629386902,0.5174877047538757,0.28058502078056335,0.3853142559528351
468.0,-0.16352394223213196,-0.7234969139099121,1.7712730169296265,-0.47702422738075256,1.5727547407150269,0.0012573458952829242,1.0724425315856934,0.02646130695939064,-0.041743963956832886,0.6698038578033447,0.5670050382614136,0.3097730875015259,0.36593544483184814
469.0,-0.22807402908802032,-0.7271972298622131,1.7749890089035034,-0.46448829770088196,1.3584486246109009,-0.1381911188364029,1.0717869997024536,-0.009047776460647583,-0.037986546754837036,0.6124544739723206,0.6277787089347839,0.3438721001148224,0.33547812700271606
470.0,-0.2942284643650055,-0.7094621658325195,1.7493098974227905,-0.41283026337623596,1.1407665014266968,-0.2933512330055237,1.0752146244049072,-0.04857396334409714,-0.04183691740036011,0.5470439195632935,0.6836658716201782,0.37717413902282715,0.3018006980419159
471.0,-0.26768267154693604,-0.7162787914276123,1.7681795358657837,-0.4497552216053009,1.2280938625335693,-0.2269732654094696,1.0708847045898438,-0.031518660485744476,-0.04410310834646225,0.5740546584129333,0.6612100601196289,0.3647023141384125,0.31663021445274353
472.0,-0.2177373766899109,-0.7211864590644836,1.7811540365219116,-0.4790462553501129,1.3943334817886353,-0.11473894864320755,1.0678458213806152,-0.002652594819664955,-0.04674777388572693,0.6228851079940796,0.6181829571723938,0.3377293348312378,0.34029826521873474
473.0,-0.2797764539718628,-0.7076084613800049,1.765397071838379,-0.44455447793006897,1.1928774118423462,-0.25406113266944885,1.0691514015197754,-0.038810692727565765,-0.05109015107154846,0.5639027953147888,0.6704219579696655,0.3690447211265564,0.3104095160961151
474.0,-0.30974555015563965,-0.6955650448799133,1.7429689168930054,-0.4019080400466919,1.0955309867858887,-0.3318641483783722,1.0730406045913696,-0.058248527348041534,-0.05224893242120743,0.5330403447151184,0.6952182650566101,0.38268527388572693,0.2934138774871826
475.0,-0.24584251642227173,-0.7131656408309937,1.7801724672317505,-0.47507309913635254,1.3004345893859863,-0.17768019437789917,1.0659477710723877,-0.017746683210134506,-0.05308271944522858,0.5958631634712219,0.6432700157165527,0.3527122437953949,0.3267184793949127
476.0,-0.15356393158435822,-0.7143164277076721,1.7731977701187134,-0.4864814579486847,1.604506492614746,0.021713925525546074,1.0691498517990112,0.032645344734191895,-0.051726825535297394,0.6778601408004761,0.557832658290863,0.3042973279953003,0.3697722554206848
477.0,-0.1220935806632042,-0.7071959376335144,1.7553948163986206,-0.46365970373153687,1.6994158029556274,0.08466697484254837,1.0729011297225952,0.05091860890388489,-0.05238436907529831,0.7015740871429443,0.5304924845695496,0.2869616746902466,0.37950554490089417
478.0,-0.22785606980323792,-0.7088916301727295,1.7878472805023193,-0.4930020570755005,1.362177848815918,-0.13660407066345215,1.0619807243347168,-0.007117442786693573,-0.061071112751960754,0.6141465902328491,0.6271571516990662,0.3422779440879822,0.3351772427558899
479.0,-0.19343765079975128,-0.7083364725112915,1.78877854347229,-0.5031408667564392,1.4760187864303589,-0.06156007945537567,1.0616447925567627,0.011737454682588577,-0.06305909156799316,0.6456345319747925,0.5956623554229736,0.3240269720554352,0.35121074318885803
480.0,-0.1586698442697525,-0.7084311842918396,1.7786214351654053,-0.49534374475479126,1.5864232778549194,0.010122829116880894,1.0654289722442627,0.030630627647042274,-0.059708304703235626,0.6737726330757141,0.5637820959091187,0.30654364824295044,0.3663485050201416
481.0,-0.13475266098976135,-0.702035665512085,1.7684133052825928,-0.48359915614128113,1.6563915014266968,0.0562913715839386,1.0667340755462646,0.04490525275468826,-0.06260077655315399,0.6913939714431763,0.5441873669624329,0.29391831159591675,0.37342536449432373
482.0,-0.10310427844524384,-0.695574164390564,1.7434238195419312,-0.44875165820121765,1.7547498941421509,0.12425529956817627,1.0732797384262085,0.06264467537403107,-0.0597163662314415,0.715937614440918,0.5144174098968506,0.27543365955352783,0.3833332657814026
483.0,-0.07194215804338455,-0.6854647397994995,1.7121866941452026,-0.4054555892944336,1.8503363132476807,0.1949954628944397,1.080978274345398,0.08093506097793579,-0.0573662593960762,0.7387418150901794,0.4837314188480377,0.25710049271583557,0.39263707399368286
484.0,-0.039577264338731766,-0.6718123555183411,1.667585015296936,-0.3422369360923767,1.955640435218811,0.2799423933029175,1.0924896001815796,0.09992530196905136,-0.052123092114925385,0.7629894018173218,0.4467778503894806,0.2360575795173645,0.4031296968460083
485.0,0.005322630517184734,-0.6365326046943665,1.5824275016784668,-0.2184068113565445,2.104548692703247,0.42535296082496643,1.112097144126892,0.12841828167438507,-0.04961800575256348,0.7971330285072327,0.38836541771888733,0.2024952620267868,0.4156283438205719
486.0,0.022843671962618828,-0.6175644397735596,1.5336239337921143,-0.14539846777915955,2.1695239543914795,0.5007067918777466,1.124100685119629,0.13975058495998383,-0.04564846307039261,0.811593770980835,0.3592132031917572,0.18647602200508118,0.4213173985481262
487.0,0.04161817207932472,-0.5905839800834656,1.474457025527954,-0.055881351232528687,2.237687587738037,0.592799186706543,1.1373883485794067,0.1530131697654724,-0.0441766157746315,0.8264979720115662,0.3260098099708557,0.16839763522148132,0.4269205629825592
488.0,0.053870007395744324,-0.5665732026100159,1.4271764755249023,0.01788957789540291,2.281017780303955,0.666323184967041,1.1473783254623413,0.16241112351417542,-0.04529508203268051,0.8370488286018372,0.3019580841064453,0.15482477843761444,0.42918509244918823
489.0,0.07526582479476929,-0.5119062662124634,1.3191847801208496,0.1889040470123291,2.3615245819091797,0.8320149779319763,1.1704323291778564,0.17983296513557434,-0.045552730560302734,0.8559305667877197,0.2501411437988281,0.1269487887620926,0.43439215421676636
490.0,0.05447005107998848,-0.5339677333831787,1.3360964059829712,0.22296874225139618,2.272660493850708,0.8160702586174011,1.1663126945495605,0.1651199758052826,-0.032195404171943665,0.8677677512168884,0.2708234190940857,0.12414151430130005,0.3977721333503723
491.0,0.038821447640657425,-0.5911591053009033,1.7625876665115356,-3.1048781871795654,-2.1803627014160156,-2.156085729598999,1.1876070499420166,0.15887413918972015,-0.01641230285167694,0.9095730781555176,0.2365618795156479,0.08599206060171127,0.33063679933547974
492.0,0.06513804942369461,-0.5639632940292358,1.7208062410354614,-3.0690622329711914,-2.2843539714813232,-2.068167209625244,1.2017074823379517,0.17860671877861023,-0.026663966476917267,0.9035923480987549,0.19929973781108856,0.08167693763971329,0.37030985951423645
493.0,0.08783844858407974,-0.5293446183204651,1.6918784379959106,-3.091829538345337,-2.3997128009796143,-2.0410315990448,1.2067289352416992,0.19385841488838196,-0.03896239399909973,0.8856070637702942,0.17905132472515106,0.08492223918437958,0.4200345277786255
494.0,0.09125080704689026,-0.5397689342498779,1.6529067754745483,-2.925753355026245,-2.4027457237243652,-1.8928275108337402,1.2278860807418823,0.19965523481369019,-0.03713510185480118,0.8987265229225159,0.1386052370071411,0.06341180950403214,0.41116684675216675
495.0,0.10116525739431381,-0.5297564268112183,1.6187330484390259,-2.8375160694122314,-2.4546477794647217,-1.7990819215774536,1.240941047668457,0.2080872356891632,-0.04199761152267456,0.8943992257118225,0.11019791662693024,0.05300801247358322,0.4302288591861725
496.0,0.09979026019573212,-0.5131722092628479,1.6667029857635498,-3.052001714706421,-2.454091787338257,-1.9851748943328857,1.2143638134002686,0.20374593138694763,-0.04812528192996979,0.8803550601005554,0.1593620330095291,0.07957611232995987,0.4395979940891266
497.0,0.10630528628826141,-0.5154205560684204,1.6263986825942993,-2.8932321071624756,-2.473052978515625,-1.8378193378448486,1.2336938381195068,0.21201467514038086,-0.051908157765865326,0.887923002243042,0.12087231874465942,0.05986576899886131,0.439771443605423
498.0,0.10374052822589874,-0.5080029368400574,1.6552515029907227,-3.0103485584259033,-2.4537205696105957,-1.9422138929367065,1.218309998512268,0.20907357335090637,-0.0566091388463974,0.8840073943138123,0.1500430852174759,0.07408679276704788,0.43649643659591675
499.0,0.110020212829113,-0.5123714208602905,1.5980063676834106,-2.7945094108581543,-2.475098133087158,-1.745786428451538,1.2456657886505127,0.21781018376350403,-0.05827580392360687,0.8925507664680481,0.09761320054531097,0.04786284267902374,0.43764594197273254
500.0,0.11033465713262558,-0.5173153877258301,1.561148762702942,-2.661752462387085,-2.4847891330718994,-1.630272626876831,1.2627837657928467,0.21918149292469025,-0.053847819566726685,0.8947826623916626,0.06572181731462479,0.03235121816396713,0.44045209884643555
501.0,0.11093118786811829,-0.5142723917961121,1.5229302644729614,-2.544541835784912,-2.48142409324646,-1.5266079902648926,1.2780784368515015,0.22197265923023224,-0.056373775005340576,0.8972302079200745,0.03763314336538315,0.01843719556927681,0.43957021832466125
502.0,0.10848076641559601,-0.5183326601982117,1.496595025062561,-2.457237482070923,-2.485145330429077,-1.4550771713256836,1.2895171642303467,0.2196737825870514,-0.04949457198381424,0.8964252471923828,0.01701425202190876,0.008404175750911236,0.4427884817123413
503.0,0.10817625373601913,-0.5233550667762756,1.5674338340759277,-2.6749420166015625,-2.4912683963775635,-1.6462154388427734,1.261646032333374,0.21566933393478394,-0.04650396853685379,0.8929956555366516,0.06881195306777954,0.03417181968688965,0.4434591233730316
504.0,0.09735939651727676,-0.5380557179450989,1.5370038747787476,-2.560591220855713,-2.421579599380493,-1.5586212873458862,1.2785450220108032,0.2102753221988678,-0.037916988134384155,0.9099611639976501,0.04067109152674675,0.01842714473605156,0.41228267550468445
505.0,0.10454404354095459,-0.5138455629348755,1.4341816902160645,-2.2837977409362793,-2.474947929382324,-1.3092628717422485,1.3126235008239746,0.21790233254432678,-0.046065181493759155,0.8955026865005493,-0.02509303018450737,-0.012446269392967224,0.44417381286621094
506.0,0.10263773798942566,-0.5002163052558899,1.3818259239196777,-2.1662650108337402,-2.454927444458008,-1.207269310951233,1.3295412063598633,0.2190442532300949,-0.05146130919456482,0.894968569278717,-0.055889878422021866,-0.027587080374360085,0.44175389409065247
507.0,0.10675548762083054,-0.4994118809700012,1.4121490716934204,-2.251422166824341,-2.4576401710510254,-1.274791955947876,1.3187060356140137,0.2231873869895935,-0.058939412236213684,0.8978927731513977,-0.03531379625201225,-0.01724434457719326,0.43845677375793457
508.0,0.09760242700576782,-0.48007458448410034,1.311672568321228,-2.024641990661621,-2.423348903656006,-1.0857855081558228,1.3513327836990356,0.21753725409507751,-0.05724027752876282,0.8925376534461975,-0.09597041457891464,-0.047108761966228485,0.4381178021430969
509.0,0.09175368398427963,-0.4672374725341797,1.2593379020690918,-1.9203057289123535,-2.4017841815948486,-1.0002861022949219,1.3670287132263184,0.213185116648674,-0.056370437145233154,0.8881599307060242,-0.1255650818347931,-0.061879776418209076,0.4376944899559021
510.0,0.08359932899475098,-0.4605199098587036,1.2125561237335205,-1.819077730178833,-2.384554386138916,-0.9220044612884521,1.3804429769515991,0.20482853055000305,-0.048111893236637115,0.8816076517105103,-0.15328779816627502,-0.07646922767162323,0.43979915976524353
511.0,0.09065317362546921,-0.47972971200942993,1.2750049829483032,-1.9312185049057007,-2.415968418121338,-1.0151296854019165,1.3627920150756836,0.2098042070865631,-0.04615961015224457,0.8869802951812744,-0.11911071836948395,-0.05938386544585228,0.4422130882740021
512.0,0.059467755258083344,-0.505158007144928,1.2859256267547607,-2.0144004821777344,-2.252380847930908,-1.0630491971969604,1.374062418937683,0.1857798993587494,-0.025193333625793457,0.9183522462844849,-0.15183892846107483,-0.05961816385388374,0.3605825901031494
513.0,0.04853566735982895,-0.548108696937561,1.3965773582458496,-2.2460851669311523,-2.1703691482543945,-1.2701869010925293,1.3453407287597656,0.17941272258758545,-0.014186084270477295,0.9474805593490601,-0.0943102091550827,-0.030268363654613495,0.30408889055252075
514.0,0.045336198061704636,-0.5614052414894104,1.4345495700836182,-2.317749261856079,-2.149226188659668,-1.3427790403366089,1.3329312801361084,0.17723411321640015,-0.011453337967395782,0.9542136788368225,-0.06934338063001633,-0.021089933812618256,0.2902123034000397
515.0,0.07814189046621323,-0.5275173783302307,1.3923933506011963,-2.207792043685913,-2.322589159011841,-1.2434442043304443,1.3356952667236328,0.20050030946731567,-0.030114449560642242,0.9221696853637695,-0.07344166934490204,-0.030147789046168327,0.3785504698753357
516.0,0.06571593135595322,-0.5536567568778992,1.4543578624725342,-2.3488056659698486,-2.242936372756958,-1.3752875328063965,1.3193575143814087,0.19197805225849152,-0.020913586020469666,0.9416097402572632,-0.040932461619377136,-0.014514599926769733,0.33389365673065186
517.0,0.06474462896585464,-0.5659379363059998,1.5005825757980347,-2.441880226135254,-2.231038808822632,-1.467390775680542,1.3021329641342163,0.19101396203041077,-0.019391633570194244,0.9455478191375732,-0.007978093810379505,-0.002745353616774082,0.3253738582134247
518.0,0.05415621027350426,-0.5827083587646484,1.5423873662948608,-2.5245723724365234,-2.1779894828796387,-1.560450792312622,1.288398265838623,0.18297079205513,-0.013820409774780273,0.9540151357650757,0.021783927455544472,0.0068247998133301735,0.2988883852958679
519.0,0.03098663128912449,-0.606025755405426,1.5721194744110107,-2.560110569000244,-2.0766193866729736,-1.618692398071289,1.2806352376937866,0.16599330306053162,-0.003423444926738739,0.9674844145774841,0.03527134284377098,0.00912487506866455,0.25029313564300537
520.0,0.020016424357891083,-0.6035344004631042,1.535364031791687,-2.492218017578125,-2.028695821762085,-1.5472556352615356,1.2992188930511475,0.15882515907287598,0.0005417466163635254,0.9738927483558655,-0.000535043713171035,-0.00012471535592339933,0.22700834274291992
521.0,0.03171476721763611,-0.5854787826538086,1.4921448230743408,-2.4236998558044434,-2.0815486907958984,-1.4611504077911377,1.314774990081787,0.16734789311885834,-0.00415077805519104,0.9667490720748901,-0.03089422918856144,-0.008108221925795078,0.2537243366241455
522.0,0.0068930694833397865,-0.6048405170440674,1.5173563957214355,-2.461710214614868,-1.9770221710205078,-1.5161736011505127,1.3100674152374268,0.14906296133995056,0.004874303936958313,0.9791594743728638,-0.02119256928563118,-0.004370659589767456,0.20193742215633392
523.0,0.011236527003347874,-0.5935305953025818,1.4861693382263184,-2.4168059825897217,-1.9987331628799438,-1.4588241577148438,1.322690486907959,0.15183806419372559,0.00329001247882843,0.9759407043457031,-0.04424116760492325,-0.00966844242066145,0.2132815718650818
524.0,-0.013328325003385544,-0.6122862100601196,1.5182808637619019,-2.467219352722168,-1.9009207487106323,-1.5412768125534058,1.3147343397140503,0.13347116112709045,0.010724186897277832,0.9861873388290405,-0.02034471370279789,-0.0033903750590980053,0.1643446683883667
525.0,-0.004967811051756144,-0.5985124111175537,1.4837069511413574,-2.4220402240753174,-1.937264084815979,-1.4762929677963257,1.328556776046753,0.1391129493713379,0.008542805910110474,0.9820560216903687,-0.045786697417497635,-0.008520335890352726,0.18274842202663422
526.0,-0.006084819789975882,-0.5882381200790405,1.450974464416504,-2.3785979747772217,-1.9435160160064697,-1.4209192991256714,1.3430585861206055,0.13664200901985168,0.00884602963924408,0.97972571849823,-0.07145103812217712,-0.013614016585052013,0.18667329847812653
527.0,-0.012379519641399384,-0.5831804871559143,1.430586814880371,-2.3561172485351562,-1.930855631828308,-1.3961530923843384,1.353617787361145,0.12988877296447754,0.01076740026473999,0.9795870184898376,-0.08628849685192108,-0.015931211411952972,0.18085847795009613
528.0,-0.006321885157376528,-0.5676824450492859,1.387572169303894,-2.282122850418091,-1.9687073230743408,-1.2966071367263794,1.3678033351898193,0.13256537914276123,0.008380904793739319,0.9707170724868774,-0.12621872127056122,-0.026354888454079628,0.20268894731998444
529.0,0.017997177317738533,-0.5419331789016724,1.3337987661361694,-2.160442352294922,-2.0698904991149902,-1.1660908460617065,1.3767447471618652,0.15194812417030334,-0.002388499677181244,0.9509000182151794,-0.16078512370586395,-0.04409042000770569,0.26075536012649536
530.0,0.012239079922437668,-0.5635685324668884,1.3926451206207275,-2.2704360485076904,-2.0292234420776367,-1.2847316265106201,1.3593547344207764,0.1493643820285797,0.0017367750406265259,0.964718222618103,-0.1180804967880249,-0.028589675202965736,0.23357778787612915
531.0,0.030686184763908386,-0.5527088046073914,1.3820244073867798,-2.2325193881988525,-2.1016361713409424,-1.2482870817184448,1.356263518333435,0.16457392275333405,-0.006322428584098816,0.954570472240448,-0.11808869242668152,-0.033589139580726624,0.27151796221733093
532.0,0.0396600104868412,-0.5156139135360718,1.2861305475234985,-2.047299861907959,-2.163198947906494,-1.07389497756958,1.3825339078903198,0.1697961390018463,-0.014897353947162628,0.9312071204185486,-0.17278410494327545,-0.058549556881189346,0.31554853916168213
533.0,0.03587983548641205,-0.49701404571533203,1.2304376363754272,-1.9453749656677246,-2.1637730598449707,-0.9796658158302307,1.3982433080673218,0.1650364249944687,-0.016252487897872925,0.9192733764648438,-0.20776326954364777,-0.07370052486658096,0.326096773147583
534.0,0.02217339165508747,-0.5034619569778442,1.2310153245925903,-1.9637712240219116,-2.1133813858032227,-0.9782299399375916,1.4032771587371826,0.15247732400894165,-0.009557873010635376,0.924156665802002,-0.22445344924926758,-0.07295621186494827,0.30038732290267944
535.0,0.0037708610761910677,-0.525897204875946,1.2724016904830933,-2.0645387172698975,-2.042039394378662,-1.0535438060760498,1.3997890949249268,0.1362280547618866,0.0012200474739074707,0.9404687881469727,-0.2164837121963501,-0.05877605825662613,0.2553403973579407
536.0,0.00442211190238595,-0.4978322982788086,1.1971046924591064,-1.9199455976486206,-2.0627284049987793,-0.9126613736152649,1.4174561500549316,0.13438895344734192,-0.003505893051624298,0.9181292057037354,-0.2664809226989746,-0.08175534754991531,0.28167858719825745
537.0,0.02302595227956772,-0.4555421769618988,1.1113864183425903,-1.7365901470184326,-2.142754077911377,-0.7926801443099976,1.4280164241790771,0.15039899945259094,-0.01829621195793152,0.8904077410697937,-0.27949222922325134,-0.10758910328149796,0.34275785088539124
538.0,0.01957523263990879,-0.41138389706611633,1.0066757202148438,-1.552257776260376,-2.1488213539123535,-0.6595568060874939,1.4466536045074463,0.14503952860832214,-0.025022238492965698,0.8615480065345764,-0.3163209855556488,-0.13685834407806396,0.3727543354034424
539.0,0.002543326001614332,-0.29450100660324097,0.7522833943367004,-1.1789203882217407,-2.1026554107666016,-0.41936835646629333,1.483537197113037,0.12652237713336945,-0.042995668947696686,0.7968429327011108,-0.3867303729057312,-0.20268003642559052,0.4176144003868103
540.0,0.018814796581864357,-0.32633939385414124,0.8304448127746582,-1.267012357711792,-2.157766580581665,-0.4869460463523865,1.46934175491333,0.14321143925189972,-0.04326723515987396,0.8160490393638611,-0.34892088174819946,-0.18115288019180298,0.42367663979530334
541.0,0.03869694471359253,-0.36897748708724976,0.9360343813896179,-1.3934608697891235,-2.2283899784088135,-0.5858172178268433,1.447840690612793,0.1628246009349823,-0.04198326915502548,0.8382857441902161,-0.29721763730049133,-0.1527492254972458,0.43082064390182495
542.0,0.05004703998565674,-0.4102303981781006,1.0378738641738892,-1.5476940870285034,-2.2631607055664062,-0.6977336406707764,1.4281693696975708,0.17416509985923767,-0.03883624076843262,0.8602957129478455,-0.2571108639240265,-0.12605373561382294,0.4217771887779236
543.0,0.07204809039831161,-0.43344107270240784,1.127498984336853,-1.6772516965866089,-2.340320110321045,-0.8072060346603394,1.4031429290771484,0.19515171647071838,-0.048331744968891144,0.8715022802352905,-0.19841988384723663,-0.09955505281686783,0.4372669756412506
544.0,0.059254929423332214,-0.4039627015590668,1.0431710481643677,-1.551038384437561,-2.2929186820983887,-0.706511914730072,1.4241220951080322,0.18367019295692444,-0.04867520183324814,0.8592296838760376,-0.24159656465053558,-0.12206366658210754,0.43411514163017273
545.0,0.051379717886447906,-0.38271671533584595,0.9904402494430542,-1.4823994636535645,-2.2603065967559814,-0.6506619453430176,1.4365721940994263,0.17685218155384064,-0.05138351023197174,0.8510721921920776,-0.2677648663520813,-0.1355448216199875,0.43081989884376526
546.0,0.02722560428082943,-0.33491721749305725,0.8613841533660889,-1.3128094673156738,-2.1797397136688232,-0.520392119884491,1.4638553857803345,0.15264621376991272,-0.048641979694366455,0.8247911930084229,-0.3316570818424225,-0.17085304856300354,0.4248909056186676
547.0,0.014564459212124348,-0.30800488591194153,0.7976876497268677,-1.2426704168319702,-2.13509464263916,-0.46463286876678467,1.4764195680618286,0.13999414443969727,-0.05050726979970932,0.810702919960022,-0.3628542125225067,-0.187699094414711,0.4193646013736725
548.0,-0.023512201383709908,-0.23207762837409973,0.6205125451087952,-1.0599125623703003,-2.006136655807495,-0.3233613669872284,1.50565767288208,0.10055848956108093,-0.05318746715784073,0.7634034752845764,-0.44639915227890015,-0.23565442860126495,0.40300121903419495
549.0,-0.010100922547280788,-0.2554991543292999,0.6777086853981018,-1.1205757856369019,-2.0491576194763184,-0.3687645494937897,1.4974759817123413,0.11485208570957184,-0.054533034563064575,0.7807428240776062,-0.41933029890060425,-0.21919426321983337,0.4081134796142578
550.0,0.0029572206549346447,-0.2785938084125519,0.7332082390785217,-1.178871512413025,-2.0911576747894287,-0.41436561942100525,1.4883524179458618,0.12868496775627136,-0.05464877933263779,0.7961679697036743,-0.3918628990650177,-0.20359456539154053,0.4136536121368408
551.0,0.0134487459436059,-0.29462099075317383,0.7784254550933838,-1.2353928089141846,-2.122502565383911,-0.4554908871650696,1.4809406995773315,0.1400538980960846,-0.05845984071493149,0.8087903261184692,-0.3696014881134033,-0.19013004004955292,0.41605713963508606
552.0,0.02514413185417652,-0.3160744309425354,0.8327558636665344,-1.29813551902771,-2.159886121749878,-0.5037940144538879,1.4706366062164307,0.15229234099388123,-0.05917704850435257,0.8217491507530212,-0.342822790145874,-0.17526045441627502,0.42010077834129333
553.0,0.036858998239040375,-0.34429195523262024,0.9001838564872742,-1.3759862184524536,-2.202813148498535,-0.5645166635513306,1.456909418106079,0.16364291310310364,-0.05698360502719879,0.8355320692062378,-0.31123974919319153,-0.15805555880069733,0.42430469393730164
554.0,0.060419753193855286,-0.39477914571762085,1.0348756313323975,-1.5547759532928467,-2.2852563858032227,-0.7050919532775879,1.426604151725769,0.1863839030265808,-0.056946516036987305,0.8601281046867371,-0.24387584626674652,-0.12220622599124908,0.43101033568382263
555.0,0.06952565163373947,-0.41284266114234924,1.089289903640747,-1.636625051498413,-2.3147597312927246,-0.7689656615257263,1.4130939245224,0.19514517486095428,-0.058393292129039764,0.8687421083450317,-0.2161046862602234,-0.10757464170455933,0.43245068192481995
556.0,0.043963368982076645,-0.3520786166191101,0.9293424487113953,-1.4212872982025146,-2.220337390899658,-0.5973441004753113,1.451004147529602,0.17161241173744202,-0.06179396063089371,0.8427144289016724,-0.2956380248069763,-0.14894092082977295,0.4245552122592926
557.0,-0.0002532099315430969,-0.2542828917503357,0.6960399746894836,-1.1626421213150024,-2.067148208618164,-0.3962877094745636,1.4962800741195679,0.12714026868343353,-0.06762789189815521,0.7912473678588867,-0.4051259160041809,-0.20874930918216705,0.40770626068115234
558.0,0.012480134144425392,-0.28018516302108765,0.7580022811889648,-1.2285798788070679,-2.109550714492798,-0.4464653432369232,1.4856711626052856,0.14038556814193726,-0.06724231690168381,0.8068996071815491,-0.37642303109169006,-0.19244828820228577,0.4125317633152008
559.0,0.032327715307474136,-0.32034599781036377,0.8572766780853271,-1.3415697813034058,-2.1743886470794678,-0.5329431891441345,1.4665775299072266,0.16090567409992218,-0.0669846460223198,0.8295430541038513,-0.3293720781803131,-0.16641981899738312,0.41913819313049316
560.0,0.04433576762676239,-0.3408130705356598,0.915818452835083,-1.4192800521850586,-2.2099480628967285,-0.5911637544631958,1.4544837474822998,0.17359286546707153,-0.07025819271802902,0.8424563407897949,-0.30039241909980774,-0.15021111071109772,0.42126989364624023
561.0,0.06078173592686653,-0.37884262204170227,1.014732003211975,-1.5476497411727905,-2.2687387466430664,-0.6925817728042603,1.4318504333496094,0.1891663372516632,-0.0686737447977066,0.859900951385498,-0.2518520653247833,-0.12479997426271439,0.4261057376861572
562.0,0.07007993012666702,-0.40063369274139404,1.074161171913147,-1.6309276819229126,-2.302163600921631,-0.7590912580490112,1.4171026945114136,0.19765926897525787,-0.06764759123325348,0.868911623954773,-0.22199837863445282,-0.10950879752635956,0.42862239480018616
563.0,0.08206845819950104,-0.43782278895378113,1.170439600944519,-1.7692327499389648,-2.356450080871582,-0.8742750883102417,1.391743779182434,0.20665116608142853,-0.06059407442808151,0.8799041509628296,-0.173174649477005,-0.08544369041919708,0.43414121866226196
564.0,0.09320065379142761,-0.45918190479278564,1.2523788213729858,-1.9209645986557007,-2.393176317214966,-0.9961625337600708,1.3686699867248535,0.21624884009361267,-0.0640697255730629,0.8894003033638,-0.12790250778198242,-0.062470365315675735,0.4344024956226349
565.0,0.08868250995874405,-0.4446919858455658,1.209572434425354,-1.8490976095199585,-2.371415376663208,-0.9356736540794373,1.3809986114501953,0.2133939564228058,-0.06692764908075333,0.8859964609146118,-0.150786355137825,-0.07356816530227661,0.43227478861808777
566.0,0.07742484658956528,-0.41623541712760925,1.1227028369903564,-1.7074847221374512,-2.327208995819092,-0.8197936415672302,1.4046900272369385,0.20436282455921173,-0.06863978505134583,0.8760598301887512,-0.19677643477916718,-0.09647751599550247,0.4295233488082886
567.0,0.07362265884876251,-0.39689403772354126,1.0817413330078125,-1.6581435203552246,-2.302151918411255,-0.7760581970214844,1.415407657623291,0.20260705053806305,-0.07599427551031113,0.8722571730613708,-0.21639758348464966,-0.10560203343629837,0.42566153407096863
568.0,0.08538923412561417,-0.4248792231082916,1.1643413305282593,-1.7851721048355103,-2.3448445796966553,-0.8787610530853271,1.3932056427001953,0.21273410320281982,-0.07476678490638733,0.8827376961708069,-0.1736360341310501,-0.08426640182733536,0.4283968508243561
569.0,0.09143789857625961,-0.438469260931015,1.2113631963729858,-1.8676059246063232,-2.366537570953369,-0.9455863237380981,1.3801168203353882,0.21769943833351135,-0.07549292594194412,0.8882697224617004,-0.1481449455022812,-0.07152367383241653,0.4288523495197296
570.0,0.08985855430364609,-0.4241701364517212,1.1820570230484009,-1.8297276496887207,-2.3483200073242188,-0.9103547930717468,1.388137698173523,0.2182045727968216,-0.08261364698410034,0.8868228793144226,-0.1625712513923645,-0.07799821346998215,0.4254786968231201
571.0,0.09705357998609543,-0.4382096529006958,1.234695553779602,-1.9243669509887695,-2.3711061477661133,-0.9866962432861328,1.372666835784912,0.22434760630130768,-0.08425673842430115,0.8926296830177307,-0.13360826671123505,-0.06373236328363419,0.42579251527786255
572.0,0.0980033278465271,-0.45359787344932556,1.2642334699630737,-1.9624136686325073,-2.3908348083496094,-1.0236740112304688,1.364376425743103,0.22274848818778992,-0.07504624128341675,0.8929970860481262,-0.11892954260110855,-0.05730287358164787,0.4302656948566437
573.0,0.10657456517219543,-0.4726592004299164,1.3470916748046875,-2.1319990158081055,-2.4223339557647705,-1.1642429828643799,1.338405966758728,0.22858810424804688,-0.0761098638176918,0.8991016745567322,-0.07072355598211288,-0.0338757298886776,0.43065881729125977
574.0,0.09991315752267838,-0.46786466240882874,1.3010534048080444,-2.0245180130004883,-2.410382032394409,-1.0789587497711182,1.3538074493408203,0.22229109704494476,-0.0689660832285881,0.8945890665054321,-0.09921795129776001,-0.04803256317973137,0.4330809414386749
575.0,0.10964597016572952,-0.4914001226425171,1.4141981601715088,-2.273818016052246,-2.4498932361602783,-1.2884941101074219,1.316850185394287,0.2276289463043213,-0.06872548907995224,0.9001596570014954,-0.031061505898833275,-0.01498254295438528,0.4341927170753479
576.0,0.10439334064722061,-0.48678624629974365,1.3634333610534668,-2.1451847553253174,-2.4388296604156494,-1.182868242263794,1.3344069719314575,0.22352714836597443,-0.06317184865474701,0.8968896865844727,-0.06405584514141083,-0.0311733391135931,0.4364793300628662
577.0,0.1098211407661438,-0.5040674209594727,1.4525279998779297,-2.35518741607666,-2.4671075344085693,-1.3619142770767212,1.3042157888412476,0.22478419542312622,-0.060529179871082306,0.8988733887672424,-0.009008322842419147,-0.004390486516058445,0.4380939304828644
578.0,0.11179744452238083,-0.5060996413230896,1.4844112396240234,-2.441859483718872,-2.471015453338623,-1.4342341423034668,1.2918760776519775,0.22564809024333954,-0.06271487474441528,0.8993250131607056,0.012184245511889458,0.005921530537307262,0.4370709955692291
579.0,0.1134246438741684,-0.5073823928833008,1.531659722328186,-2.58284330368042,-2.473970890045166,-1.555222511291504,1.2729159593582153,0.22534745931625366,-0.06488999724388123,0.8985316157341003,0.04666797071695328,0.022636326029896736,0.43583324551582336
580.0,0.11420858651399612,-0.5005024075508118,1.495444655418396,-2.4840664863586426,-2.4651317596435547,-1.4662104845046997,1.2862824201583862,0.22875350713729858,-0.07050730288028717,0.9008283615112305,0.021987564861774445,0.010580675676465034,0.43348920345306396
581.0,0.11421802639961243,-0.49377018213272095,1.461010217666626,-2.397632360458374,-2.4569807052612305,-1.3903356790542603,1.2988402843475342,0.2310030609369278,-0.07401874661445618,0.9017066359519958,0.00021323446708265692,0.00010224123252555728,0.43234845995903015
582.0,0.11605486273765564,-0.4994659125804901,1.535548210144043,-2.6078250408172607,-2.465303659439087,-1.572009801864624,1.2694295644760132,0.22919605672359467,-0.07424933463335037,0.900100827217102,0.05263223871588707,0.025246238335967064,0.43175366520881653
583.0,0.11282479017972946,-0.48484066128730774,1.421958565711975,-2.3070316314697266,-2.4435853958129883,-1.3110114336013794,1.3126564025878906,0.23204854130744934,-0.07813547551631927,0.9023921489715576,-0.02393009513616562,-0.011405603028833866,0.43009963631629944
584.0,0.11598345637321472,-0.4853016436100006,1.4507585763931274,-2.3847970962524414,-2.4470064640045166,-1.3747010231018066,1.3012964725494385,0.23461541533470154,-0.08248166739940643,0.9035228490829468,-0.004090048372745514,-0.0019397977739572525,0.42851608991622925
585.0,0.1172272115945816,-0.49244120717048645,1.505198359489441,-2.527399778366089,-2.4566490650177,-1.4983395338058472,1.2805649042129517,0.23287338018417358,-0.08071905374526978,0.9026497602462769,0.032244157046079636,0.015320773236453533,0.4288930296897888
586.0,0.11858255416154861,-0.49177852272987366,1.5444252490997314,-2.648432731628418,-2.456982374191284,-1.6030505895614624,1.2637979984283447,0.2326161116361618,-0.08328117430210114,0.9011951684951782,0.06272371113300323,0.02977623976767063,0.42781591415405273
587.0,0.11561331897974014,-0.48930856585502625,1.615387201309204,-2.8858799934387207,-2.4463372230529785,-1.8149361610412598,1.231514811515808,0.22608640789985657,-0.08351932466030121,0.8942669630050659,0.12195729464292526,0.058184754103422165,0.426646888256073
588.0,0.11862895637750626,-0.4881497025489807,1.5762202739715576,-2.7554361820220947,-2.4501402378082275,-1.6958932876586914,1.2489935159683228,0.23158666491508484,-0.08743445575237274,0.899631142616272,0.08948014676570892,0.04230024293065071,0.42528554797172546
589.0,0.11877597123384476,-0.4846297800540924,1.4875291585922241,-2.4903182983398438,-2.447767734527588,-1.4625186920166016,1.2862495183944702,0.23645581305027008,-0.08802565932273865,0.9045036435127258,0.02244282327592373,0.010563692077994347,0.4257439970970154
590.0,0.11626367270946503,-0.48261725902557373,1.6245548725128174,-2.9265551567077637,-2.436016082763672,-1.8486636877059937,1.22538161277771,0.22722160816192627,-0.09033414721488953,0.8939788937568665,0.13286994397640228,0.0629151463508606,0.42330724000930786
591.0,0.10255390405654907,-0.5099976658821106,1.600214958190918,-2.7723286151885986,-2.3189103603363037,-1.733656883239746,1.2436050176620483,0.22452902793884277,-0.08375313133001328,0.9239287376403809,0.10283010452985764,0.040759529918432236,0.366224467754364
592.0,0.05998135358095169,-0.5512951016426086,1.589736819267273,-2.662269353866577,-2.0507867336273193,-1.6852452754974365,1.260421633720398,0.2056751251220703,-0.06827829033136368,0.9678559899330139,0.0783003494143486,0.019272809848189354,0.23822760581970215
593.0,-0.011899269185960293,-0.594009518623352,1.626659870147705,-2.622633934020996,-1.6685117483139038,1.5588419437408447,1.252174735069275,0.17105898261070251,-0.05743399262428284,0.0004410122928675264,0.9987607598304749,-0.04894685745239258,0.008998855948448181
594.0,-0.01643424481153488,-0.5989375710487366,1.6360857486724854,-2.620375394821167,-1.6116381883621216,1.5543495416641235,1.246865153312683,0.17423301935195923,-0.05729290843009949,0.00012062759924447164,0.9997721910476685,-0.020518502220511436,0.005877628456801176
595.0,-0.013849933631718159,-0.5936746597290039,1.6200768947601318,-2.607651472091675,-1.6107367277145386,1.5569360256195068,1.2553784847259521,0.17746950685977936,-0.057351455092430115,9.91789493127726e-05,0.9997869729995728,-0.020039061084389687,0.004948226269334555
596.0,-0.011384250596165657,-0.5857216119766235,1.5957562923431396,-2.5878663063049316,-1.6091786623001099,1.559403896331787,1.268381118774414,0.1806515008211136,-0.05734729766845703,6.343219138216227e-05,0.9998096823692322,-0.019228702411055565,0.0032982006669044495
597.0,-0.014574196189641953,-0.5814266800880432,1.5822890996932983,-2.5757298469543457,-1.6340680122375488,1.5561929941177368,1.2761229276657104,0.17266422510147095,-0.05713580548763275,4.981856909580529e-05,0.999497652053833,-0.03165680915117264,0.0015729173319414258
598.0,-0.011903342790901661,-0.5795310735702515,1.577043056488037,-2.5730457305908203,-1.6079962253570557,1.558884859085083,1.2787574529647827,0.1800530105829239,-0.05727681517601013,3.999087493866682e-05,0.9998242259025574,-0.018625693395733833,0.0021467036567628384
599.0,-0.00913309771567583,-0.5736697912216187,1.5600991249084473,-2.5600802898406982,-1.610242247581482,1.56165611743927,1.287475824356079,0.18316423892974854,-0.057382240891456604,2.4609094907646067e-05,0.9998044967651367,-0.019733859226107597,0.0012468054192140698
600.0,0.075910285115242,-0.5321221947669983,1.53693687915802,-2.569009780883789,-2.1395819187164307,-1.5585405826568604,1.2793515920639038,0.21553601324558258,-0.07247641682624817,0.9593114256858826,0.031469106674194336,0.009199515916407108,0.2804401218891144
601.0,0.02780609019100666,-0.5560677647590637,1.5377482175827026,-2.554295778274536,-1.8679600954055786,-1.5770084857940674,1.291748285293579,0.19180749356746674,-0.06180472671985626,0.9888409376144409,0.016686266288161278,0.002497729379683733,0.14801737666130066
602.0,0.017702272161841393,-0.5548954606056213,1.5219740867614746,-2.5334575176239014,-1.8091074228286743,-1.552085518836975,1.3018680810928345,0.1876498907804489,-0.06008109450340271,0.9929069876670837,-0.00023813839652575552,-2.851541830750648e-05,0.11889371275901794
603.0,-0.01918235793709755,-0.5691584348678589,1.5454890727996826,-2.547869920730591,-1.5923681259155273,1.5516095161437988,1.2971981763839722,0.17282173037528992,-0.05698375403881073,1.7751838186086388e-06,0.9999417662620544,-0.010790831409394741,0.00016449893882963806
604.0,-0.00791105441749096,-0.5666686296463013,1.5397443771362305,-2.5443546772003174,-1.6114213466644287,1.5628787279129028,1.2982215881347656,0.18446886539459229,-0.0574115514755249,1.6349775933122146e-06,0.9997937083244324,-0.020312372595071793,8.047510345932096e-05
605.0,-0.019189022481441498,-0.5609203577041626,1.5218350887298584,-2.5301055908203125,-1.5933269262313843,1.5516024827957153,1.309891700744629,0.17242155969142914,-0.056988805532455444,-1.14581480374909e-05,0.9999363422393799,-0.011247609741985798,-0.0010186536237597466
606.0,-0.01021498627960682,-0.554419755935669,1.5042678117752075,-2.51701021194458,-1.6090667247772217,1.560573935508728,1.3175029754638672,0.18164774775505066,-0.0573364719748497,-3.8468435377581045e-05,0.9998152852058411,-0.01911446452140808,-0.0020121587440371513
607.0,-0.022297589108347893,-0.5511389374732971,1.4949944019317627,-2.5133039951324463,-1.5883394479751587,1.5484952926635742,1.3250536918640137,0.16879214346408844,-0.05691797286272049,-7.610168722749222e-06,0.9999613165855408,-0.008754226379096508,-0.000869280134793371
608.0,-0.009870901703834534,-0.5452723503112793,1.4784902334213257,-2.497330665588379,-1.6101607084274292,1.5609179735183716,1.3308829069137573,0.18179969489574432,-0.05740388482809067,-6.947176007088274e-05,0.9998007416725159,-0.01964687556028366,-0.0035353160928934813
609.0,-0.016565866768360138,-0.5436745285987854,1.4734792709350586,-2.4939911365509033,-1.6075694561004639,1.5542197227478027,1.3347972631454468,0.17323988676071167,-0.05710168182849884,-6.615078018512577e-05,0.9998255372047424,-0.018328167498111725,-0.0036086118780076504
610.0,-0.012226158753037453,-0.5358917117118835,1.4520995616912842,-2.476907253265381,-1.6118886470794678,1.5585604906082153,1.3448306322097778,0.1782328486442566,-0.05740287899971008,-0.00010853992716874927,0.9997761845588684,-0.020481208339333534,-0.005298302508890629
611.0,-0.014731517992913723,-0.527453601360321,1.4285706281661987,-2.4587199687957764,-1.6134833097457886,1.556052803993225,1.3571454286575317,0.17444223165512085,-0.05738912522792816,-0.00014679557352792472,0.9997504949569702,-0.021241914480924606,-0.006908933166414499
612.0,0.014220168814063072,-0.5220812559127808,1.412341833114624,-2.3911495208740234,-1.819016933441162,-1.2931466102600098,1.3516793251037598,0.18233054876327515,-0.06053779274225235,0.9836803674697876,-0.12595582008361816,-0.016318630427122116,0.12744401395320892
613.0,0.09686502069234848,-0.47117552161216736,1.3538267612457275,-2.2081592082977295,-2.3078157901763916,-1.2142482995986938,1.3418859243392944,0.228145569562912,-0.08479435741901398,0.923770546913147,-0.0761793851852417,-0.030844084918498993,0.3740231990814209
614.0,0.08625886589288712,-0.4981119930744171,1.4246406555175781,-2.363975763320923,-2.2185635566711426,-1.3520411252975464,1.3221842050552368,0.22263069450855255,-0.0776199996471405,0.9452289342880249,-0.041461363434791565,-0.014187893830239773,0.3234531283378601
615.0,0.11810969561338425,-0.4764978885650635,1.443223237991333,-2.3805317878723145,-2.436993360519409,-1.3659427165985107,1.3025540113449097,0.23859234154224396,-0.09168989956378937,0.9054508209228516,-0.0063554951921105385,-0.0029788792598992586,0.4243931770324707
616.0,0.1149664968252182,-0.4743635952472687,1.4104830026626587,-2.29597544670105,-2.4313430786132812,-1.2955511808395386,1.315143346786499,0.23643523454666138,-0.0884888544678688,0.9044161438941956,-0.028581395745277405,-0.013446062803268433,0.4254808723926544
617.0,0.11173693835735321,-0.4687635600566864,1.3713712692260742,-2.2038991451263428,-2.421983003616333,-1.2188022136688232,1.3290904760360718,0.23461943864822388,-0.08669323474168777,0.9026798605918884,-0.053093813359737396,-0.025073399767279625,0.4262879490852356
618.0,0.10625804215669632,-0.45861679315567017,1.3175867795944214,-2.0861029624938965,-2.404010772705078,-1.1204057931900024,1.3470487594604492,0.2309713065624237,-0.08520887792110443,0.8995419144630432,-0.08609776198863983,-0.04080408439040184,0.4263174831867218
619.0,0.10309574007987976,-0.4412565231323242,1.2680976390838623,-1.9996240139007568,-2.3800692558288574,-1.0445327758789062,1.361981749534607,0.23071077466011047,-0.09162601828575134,0.8973527550697327,-0.1131453737616539,-0.05336198955774307,0.4232124090194702
620.0,0.09663905948400497,-0.4249957203865051,1.2115976810455322,-1.8981982469558716,-2.354813814163208,-0.9599164724349976,1.3789494037628174,0.2261524200439453,-0.09271705895662308,0.892419695854187,-0.14474879205226898,-0.06842246651649475,0.421845018863678
621.0,0.008081923238933086,-0.5093706250190735,1.3717730045318604,-2.343549966812134,-1.8084914684295654,-1.2061150074005127,1.3705323934555054,0.17575018107891083,-0.060366541147232056,0.977165162563324,-0.170699805021286,-0.02177361585199833,0.12464230507612228
622.0,-0.026354704052209854,-0.528292179107666,1.4319608211517334,-2.4683334827423096,-1.5936622619628906,1.5444353818893433,1.3584376573562622,0.16173118352890015,-0.056902818381786346,-3.819728226517327e-05,0.9999299645423889,-0.01134788803756237,-0.0033657897729426622
623.0,-0.021214943379163742,-0.5180289149284363,1.401997685432434,-2.437542676925659,-1.6151570081710815,1.549564003944397,1.3713949918746948,0.16510266065597534,-0.05720905959606171,-0.00019967509433627129,0.9997169375419617,-0.021990004926919937,-0.009077697061002254
624.0,-0.02334638684988022,-0.5067179799079895,1.3709913492202759,-2.4120898246765137,-1.6173824071884155,1.5474313497543335,1.3866137266159058,0.16148889064788818,-0.057381317019462585,-0.00027689928538165987,0.9996627569198608,-0.023014802485704422,-0.012027298100292683
625.0,-0.02923540212213993,-0.5007920265197754,1.3537521362304688,-2.396080255508423,-1.621137261390686,1.5415362119674683,1.3954845666885376,0.15250910818576813,-0.0571691170334816,-0.0003605898527894169,0.9995875358581543,-0.024750083684921265,-0.014563228003680706
626.0,-0.03165609389543533,-0.49180468916893005,1.3295063972473145,-2.375894069671631,-1.6215236186981201,1.5391179323196411,1.4070674180984497,0.1487158238887787,-0.057363227009773254,-0.00042453620699234307,0.9995456337928772,-0.02482888475060463,-0.01709071174263954
627.0,-0.029445383697748184,-0.4919147789478302,1.3239706754684448,-2.348273754119873,-1.66658616065979,1.5412639379501343,1.4060280323028564,0.14490999281406403,-0.057359375059604645,-0.001349764410406351,0.9984813332557678,-0.047034356743097305,-0.028653830289840698
628.0,-0.01401278655976057,-0.49410560727119446,1.3248380422592163,-2.3148000240325928,-1.730993390083313,-1.0717403888702393,1.3981283903121948,0.15681153535842896,-0.05854233354330063,0.9641475677490234,-0.2493235021829605,-0.022750066593289375,0.08797574788331985
629.0,-0.013929754495620728,-0.5049235224723816,1.3591371774673462,-2.36689829826355,-1.7091292142868042,-1.1715508699417114,1.385575294494629,0.16043871641159058,-0.0580153688788414,0.9763960838317871,-0.2025793343782425,-0.015219073742628098,0.07335321605205536
630.0,0.04310830682516098,-0.4704732894897461,1.2730447053909302,-2.1319527626037598,-2.02742075920105,-1.0615154504776,1.3892344236373901,0.1930142045021057,-0.0695495754480362,0.9471089839935303,-0.19683346152305603,-0.051573142409324646,0.2481558918952942
631.0,0.07388405501842499,-0.3905010223388672,1.092382788658142,-1.7271844148635864,-2.2604613304138184,-0.8090075850486755,1.416497826576233,0.2079509198665619,-0.09047941863536835,0.8839640617370605,-0.21990159153938293,-0.09960924088954926,0.40041083097457886
632.0,0.08397626131772995,-0.40190333127975464,1.125112533569336,-1.7464042901992798,-2.3172447681427,-0.8390583992004395,1.4035792350769043,0.2147102653980255,-0.08840742707252502,0.8812376260757446,-0.19183579087257385,-0.09188847243785858,0.42210879921913147
633.0,0.07078900188207626,-0.36616456508636475,1.0282187461853027,-1.608728051185608,-2.2663962841033936,-0.7271943092346191,1.4288227558135986,0.20368805527687073,-0.09224513173103333,0.8681867122650146,-0.2402592897415161,-0.11580581218004227,0.41846904158592224
634.0,0.061067309230566025,-0.3482944369316101,0.9745672345161438,-1.5315842628479004,-2.2371997833251953,-0.6670957207679749,1.4419176578521729,0.19397835433483124,-0.0903809517621994,0.8587512373924255,-0.26778098940849304,-0.13004592061042786,0.4170463979244232
635.0,0.07590232044458389,-0.39081552624702454,1.0810000896453857,-1.6706501245498657,-2.2973825931549072,-0.7811166644096375,1.415489912033081,0.20642530918121338,-0.08375999331474304,0.8740705847740173,-0.2155778855085373,-0.10424862802028656,0.4226808547973633
636.0,0.06754358857870102,-0.3717453181743622,1.0256015062332153,-1.5891494750976562,-2.2686238288879395,-0.7166562080383301,1.4293861389160156,0.19877956807613373,-0.08352505415678024,0.8654783964157104,-0.2434581071138382,-0.11855350434780121,0.42145034670829773
637.0,0.051760900765657425,-0.33446481823921204,0.9279475808143616,-1.4618383646011353,-2.2136645317077637,-0.6162270903587341,1.4525532722473145,0.18389633297920227,-0.08544673770666122,0.8490456938743591,-0.29081520438194275,-0.14292585849761963,0.41727733612060547
638.0,0.03818076103925705,-0.30691438913345337,0.8556841611862183,-1.372200608253479,-2.1701972484588623,-0.5468496680259705,1.4682458639144897,0.17012107372283936,-0.08511567115783691,0.8346117734909058,-0.32593199610710144,-0.16153445839881897,0.4136401414871216
639.0,0.06001609191298485,-0.364810049533844,0.993635356426239,-1.5341781377792358,-2.253207206726074,-0.6768926382064819,1.4371446371078491,0.19023078680038452,-0.0773303210735321,0.8586279153823853,-0.2607625424861908,-0.12824305891990662,0.4222733974456787
640.0,0.0467597171664238,-0.3341912627220154,0.9135574698448181,-1.4305657148361206,-2.20678973197937,-0.595658004283905,1.4553767442703247,0.177571639418602,-0.07826559990644455,0.844252347946167,-0.29958629608154297,-0.14861539006233215,0.4188072085380554
641.0,0.032557111233472824,-0.3077027499675751,0.8417922854423523,-1.339935064315796,-2.1636364459991455,-0.5271146297454834,1.4705133438110352,0.16274315118789673,-0.07621126621961594,0.8290826678276062,-0.33433207869529724,-0.16760684549808502,0.415634423494339
642.0,0.015285391360521317,-0.2671339511871338,0.7478017210960388,-1.2402373552322388,-2.1034650802612305,-0.44935187697410583,1.4888148307800293,0.14541439712047577,-0.0801347866654396,0.8088563680648804,-0.3772987425327301,-0.19064997136592865,0.4087170660495758
643.0,0.021332528442144394,-0.2901185154914856,0.7912163138389587,-1.2744933366775513,-2.131655693054199,-0.478965163230896,1.4800018072128296,0.150529682636261,-0.07243217527866364,0.8165168762207031,-0.35926827788352966,-0.1820036917924881,0.41364380717277527
644.0,0.005283042322844267,-0.2526516616344452,0.7053393721580505,-1.186492681503296,-2.075850009918213,-0.4114335775375366,1.495648980140686,0.13424468040466309,-0.07568012177944183,0.796862006187439,-0.3975607454776764,-0.2030927538871765,0.40707463026046753
645.0,-0.005976533982902765,-0.23117570579051971,0.6548630595207214,-1.1356902122497559,-2.0402350425720215,-0.37221774458885193,1.5039957761764526,0.12221042811870575,-0.07628852128982544,0.7835466265678406,-0.42117878794670105,-0.21627630293369293,0.4023530185222626
646.0,-0.014192436821758747,-0.22513046860694885,0.6304987668991089,-1.1000444889068604,-2.0209193229675293,-0.3477827310562134,1.5068784952163696,0.11249349266290665,-0.06995943933725357,0.7740524411201477,-0.4347763657569885,-0.22538602352142334,0.4012651741504669
647.0,-0.046890124678611755,-0.15697424113750458,0.4809175729751587,-0.967271625995636,-1.9129539728164673,-0.24643674492835999,1.5267809629440308,0.07774992287158966,-0.07554355263710022,0.7303861975669861,-0.49907997250556946,-0.2630876898765564,0.3850196599960327
648.0,-0.0252214502543211,-0.19504012167453766,0.5689076781272888,-1.0493137836456299,-1.9797327518463135,-0.3084025979042053,1.5161705017089844,0.10144142806529999,-0.07561670243740082,0.7587372064590454,-0.45952489972114563,-0.23917286098003387,0.3949064016342163
649.0,-0.033072009682655334,-0.17046505212783813,0.5227306485176086,-1.0185214281082153,-1.949392557144165,-0.28279638290405273,1.5231322050094604,0.093655526638031,-0.08273319900035858,0.7480332851409912,-0.47705984115600586,-0.24808138608932495,0.38899344205856323
650.0,-0.018302515149116516,-0.19904710352420807,0.5875653624534607,-1.0782577991485596,-1.9962759017944336,-0.3281714618206024,1.5145829916000366,0.10961072146892548,-0.08161480724811554,0.767240047454834,-0.4484899938106537,-0.23137147724628448,0.3958114981651306
651.0,0.004969686269760132,-0.23861831426620483,0.6863194108009338,-1.1824891567230225,-2.0650477409362793,-0.40494343638420105,1.499819040298462,0.13525953888893127,-0.08467097580432892,0.7954606413841248,-0.4029148519039154,-0.20453910529613495,0.4038143455982208
652.0,-0.007270319852977991,-0.2127009928226471,0.6277672648429871,-1.126777172088623,-2.0249743461608887,-0.3617505431175232,1.5093753337860107,0.12233461439609528,-0.08677034080028534,0.7805610299110413,-0.4291658401489258,-0.21896089613437653,0.39824312925338745
653.0,-0.02165851555764675,-0.1796174943447113,0.5542280077934265,-1.0597482919692993,-1.9778993129730225,-0.3129368722438812,1.520058274269104,0.10701026022434235,-0.08934879302978516,0.7616056203842163,-0.45879048109054565,-0.23616400361061096,0.3920391798019409
654.0,-0.03140024468302727,-0.1512044370174408,0.49833735823631287,-1.0194447040557861,-1.9419773817062378,-0.2810863256454468,1.5279121398925781,0.09711180627346039,-0.09595085680484772,0.7482532858848572,-0.47990500926971436,-0.24728640913963318,0.38556143641471863
655.0,0.010545479133725166,-0.23959916830062866,0.7007185816764832,-1.2107012271881104,-2.0743887424468994,-0.4221789240837097,1.4981627464294434,0.1423451155424118,-0.09205339848995209,0.8016268014907837,-0.39467546343803406,-0.1983398199081421,0.4028486907482147
656.0,0.02126726321876049,-0.2649368643760681,0.7585312128067017,-1.268626093864441,-2.110391855239868,-0.4662407636642456,1.4876163005828857,0.15339218080043793,-0.08967335522174835,0.8145939707756042,-0.3695881962776184,-0.18470242619514465,0.40709492564201355
657.0,0.032291561365127563,-0.28158247470855713,0.8068587183952332,-1.3300389051437378,-2.1401188373565674,-0.5107576251029968,1.4786370992660522,0.16564837098121643,-0.09367770701646805,0.8268303275108337,-0.34619075059890747,-0.1712019443511963,0.408892959356308
658.0,0.04253321886062622,-0.3045811951160431,0.863898754119873,-1.3956942558288574,-2.1734871864318848,-0.5606224536895752,1.4668725728988647,0.17606455087661743,-0.09294836968183517,0.8385446667671204,-0.32026270031929016,-0.1572609841823578,0.41175684332847595
659.0,0.03528296947479248,-0.3806058466434479,1.0329785346984863,-1.7157180309295654,-2.089585065841675,-0.7282388806343079,1.448186993598938,0.1756887286901474,-0.08037984371185303,0.8857018947601318,-0.30826258659362793,-0.11410623788833618,0.3278507590293884
660.0,-0.03045472875237465,-0.4803718030452728,1.2874325513839722,-2.2929654121398926,-1.6910821199417114,-0.9539498090744019,1.4190669059753418,0.1393386274576187,-0.05781155824661255,0.9463253021240234,-0.3147507607936859,-0.02319284901022911,0.06973130255937576
661.0,-0.03598359227180481,-0.48395034670829773,1.307665467262268,-2.3557474613189697,-1.6236486434936523,1.534792184829712,1.4173961877822876,0.14194856584072113,-0.057400599122047424,-0.0005223801708780229,0.9994630813598633,-0.025703830644488335,-0.02031213603913784
662.0,-0.042278438806533813,-0.47298911213874817,1.2778956890106201,-2.3292829990386963,-1.623782992362976,1.5285085439682007,1.4313364028930664,0.1324497014284134,-0.057548120617866516,-0.0006194774759933352,0.9993799328804016,-0.025478769093751907,-0.024298405274748802
663.0,-0.04754764959216118,-0.46567201614379883,1.2576780319213867,-2.3098456859588623,-1.6245025396347046,1.5232532024383545,1.440528154373169,0.12438976764678955,-0.05759776383638382,-0.0007085964898578823,0.9992890954017639,-0.025552302598953247,-0.027711505070328712
664.0,-0.04799210652709007,-0.47248634696006775,1.2723519802093506,-2.311937093734741,-1.6435294151306152,1.522769808769226,1.4327763319015503,0.12119115144014359,-0.05704778432846069,-0.001084580086171627,0.9989080429077148,-0.034893013536930084,-0.031049076467752457
665.0,-0.017793551087379456,-0.4502846896648407,1.1933702230453491,-2.0993261337280273,-1.8080018758773804,-0.8230875134468079,1.4391006231307983,0.13915812969207764,-0.06200800836086273,0.9205602407455444,-0.3569658100605011,-0.05732915177941322,0.1478431224822998
666.0,-0.03614099323749542,-0.4508433938026428,1.1967625617980957,-2.1454503536224365,-1.7413219213485718,-0.7758871912956238,1.4475016593933105,0.12259253114461899,-0.05962204933166504,0.911180853843689,-0.3940664827823639,-0.04773454740643501,0.11037427932024002
667.0,-0.03457091748714447,-0.4239310622215271,1.1174702644348145,-1.9895367622375488,-1.7934458255767822,-0.6644256114959717,1.4634416103363037,0.11641544103622437,-0.06302130222320557,0.8843864798545837,-0.4326910376548767,-0.07692600041627884,0.1572306901216507
668.0,-0.009157913736999035,-0.3051563501358032,0.8349375128746033,-1.4651514291763306,-1.9708616733551025,-0.485902339220047,1.496070384979248,0.12720811367034912,-0.08188857138156891,0.8274403214454651,-0.4312492907047272,-0.16623476147651672,0.31895551085472107
669.0,-0.03998962417244911,-0.3891714811325073,1.023724913597107,-1.8271000385284424,-1.8189753293991089,-0.5536507368087769,1.4825342893600464,0.10391076654195786,-0.06645283102989197,0.8533458709716797,-0.471403032541275,-0.10766855627298355,0.1949044018983841
670.0,-0.06307978183031082,-0.45933544635772705,1.238324522972107,-2.28887677192688,-1.623031497001648,1.5077600479125977,1.450134038925171,0.10173263400793076,-0.05698645859956741,-0.0007734302780590951,0.9991954565048218,-0.024132434278726578,-0.03202362358570099
671.0,-0.05563097074627876,-0.4564051032066345,1.2323075532913208,-2.285395860671997,-1.6235461235046387,1.5152024030685425,1.4519577026367188,0.11230605840682983,-0.057704001665115356,-0.0007896768511272967,0.9991827607154846,-0.024615850299596786,-0.03205379843711853
672.0,-0.06216830760240555,-0.44885125756263733,1.2116508483886719,-2.2649788856506348,-1.6225889921188354,1.5087045431137085,1.4609429836273193,0.10244400799274445,-0.05779803544282913,-0.0008499491377733648,0.9990764856338501,-0.02369917556643486,-0.03583095595240593
673.0,-0.07171142846345901,-0.44199979305267334,1.1920795440673828,-2.2425286769866943,-1.6210896968841553,1.4992340803146362,1.46914803981781,0.08820528537034988,-0.057834163308143616,-0.0009102083859033883,0.9989169836044312,-0.022258024662733078,-0.04084920138120651
674.0,-0.07275266200304031,-0.4517880380153656,1.2167670726776123,-2.2653629779815674,-1.6211047172546387,1.49815034866333,1.459471583366394,0.08738505840301514,-0.05694352090358734,-0.0008319966727867723,0.9990642666816711,-0.02251366525888443,-0.03692060336470604
675.0,-0.07955719530582428,-0.4478350877761841,1.2058426141738892,-2.2552661895751953,-1.6188631057739258,1.4913841485977173,1.464515209197998,0.0774412453174591,-0.05681384354829788,-0.0008109465707093477,0.9990355968475342,-0.021021034568548203,-0.03854065760970116
676.0,-0.036626990884542465,-0.3218621611595154,0.8620823621749878,-1.5469204187393188,-1.8743925094604492,-0.44142866134643555,1.5032265186309814,0.09989206492900848,-0.0754103735089302,0.8157801628112793,-0.48756054043769836,-0.1596037894487381,0.26704704761505127
677.0,-0.06511151045560837,-0.40452179312705994,1.0628893375396729,-1.9333902597427368,-1.73582923412323,-0.49447402358055115,1.4851423501968384,0.07918710261583328,-0.06229974329471588,0.8360575437545776,-0.5223004221916199,-0.08898896723985672,0.14244654774665833
678.0,-0.06700160354375839,-0.3735595643520355,0.9799807071685791,-1.7780858278274536,-1.7590094804763794,-0.41753244400024414,1.4973760843276978,0.07203994691371918,-0.06600502133369446,0.8104249835014343,-0.5438518524169922,-0.12136399745941162,0.18085147440433502
679.0,-0.08865393698215485,-0.4386560320854187,1.177915334701538,-2.214447259902954,-1.6189067363739014,1.4824793338775635,1.4741287231445312,0.0633118748664856,-0.057168394327163696,-0.0009811449563130736,0.9985688924789429,-0.019709758460521698,-0.04970841482281685
680.0,-0.08055529743432999,-0.43542638421058655,1.1732733249664307,-2.2201156616210938,-1.6187443733215332,1.4904905557632446,1.476621389389038,0.07502667605876923,-0.05790792405605316,-0.0009361131233163178,0.9987335801124573,-0.02031671442091465,-0.04601765796542168
681.0,-0.09430718421936035,-0.4282875657081604,1.1501128673553467,-2.182559013366699,-1.61677885055542,1.4770023822784424,1.4842276573181152,0.05438312143087387,-0.05789428949356079,-0.0010083161760121584,0.9982226490974426,-0.01768883876502514,-0.056901656091213226
682.0,-0.08713413029909134,-0.41497355699539185,1.0945541858673096,-2.02482533454895,-1.6695960760116577,-0.40599894523620605,1.487139344215393,0.05657793954014778,-0.05941976606845856,0.8075230717658997,-0.5769448280334473,-0.07129614055156708,0.09978991746902466
683.0,-0.10294035077095032,-0.42503225803375244,1.1404380798339844,-2.1689000129699707,-1.6120353937149048,1.4685226678848267,1.4876987934112549,0.04198697954416275,-0.057978637516498566,-0.000875850731972605,0.9980686902999878,-0.014471632428467274,-0.06040500849485397
684.0,-0.11139655858278275,-0.4209545850753784,1.1293522119522095,-2.156323194503784,-1.605365514755249,1.460219144821167,1.491907000541687,0.030003195628523827,-0.05813378095626831,-0.0006522899493575096,0.9979647397994995,-0.010345780290663242,-0.06292055547237396
685.0,-0.10412707924842834,-0.42114192247390747,1.1174930334091187,-2.092115640640259,-1.637642502784729,-0.3611527383327484,1.4876140356063843,0.03626861795783043,-0.05806002765893936,0.7902104258537292,-0.6056636571884155,-0.05686841160058975,0.07419631630182266
686.0,-0.06845611333847046,-0.12951256334781647,0.442425400018692,-0.997099757194519,-1.8256126642227173,-0.20276367664337158,1.5405668020248413,0.056860268115997314,-0.09451071918010712,0.7105323076248169,-0.5485991835594177,-0.2693037688732147,0.34879565238952637
687.0,-0.09776824712753296,-0.32875388860702515,0.866215169429779,-1.5985403060913086,-1.704594373703003,-0.23426274955272675,1.516650676727295,0.03252767398953438,-0.06966360658407211,0.7387818694114685,-0.6218858361244202,-0.16726242005825043,0.19870276749134064
688.0,-0.0989215075969696,-0.2030797153711319,0.589537501335144,-1.189146637916565,-1.7327744960784912,-0.16542093455791473,1.5379397869110107,0.024347614496946335,-0.08470198512077332,0.6955187320709229,-0.6092289686203003,-0.250983864068985,0.2865326404571533
689.0,-0.11961652338504791,-0.4266129732131958,1.1407259702682495,-2.1591696739196777,-1.6018253564834595,1.4521136283874512,1.486983299255371,0.018904155120253563,-0.05725918710231781,-0.000508762605022639,0.9979045987129211,-0.00790607649832964,-0.06421598792076111
690.0,-0.12589707970619202,-0.4171781837940216,1.1210899353027344,-2.1535353660583496,-1.5926151275634766,1.4458246231079102,1.4961345195770264,0.009849818423390388,-0.058438628911972046,-0.00019874049758072942,0.9981060028076172,-0.003228988964110613,-0.061432257294654846
691.0,-0.1334165632724762,-0.4187256991863251,1.1158604621887207,-2.1134870052337646,-1.591504454612732,-0.1322287619113922,1.4930468797683716,-0.0008089857292361557,-0.05799229443073273,0.7051080465316772,-0.7048158049583435,-0.05502185970544815,0.05504467338323593
692.0,-0.13116301596164703,-0.3796498775482178,0.9914573431015015,-1.8272335529327393,-1.6146836280822754,-0.11767013370990753,1.505434274673462,-0.0026843068189918995,-0.06272037327289581,-0.693856954574585,0.6977607607841492,0.1262345016002655,-0.1255282461643219
693.0,-0.14307542145252228,-0.33575454354286194,0.8796223998069763,-1.6148052215576172,-1.595188021659851,-0.044629476964473724,1.5160646438598633,-0.019131027162075043,-0.06848625838756561,-0.6527830958366394,0.7159391641616821,0.18296311795711517,-0.16682316362857819
694.0,-0.1433880478143692,-0.012327535077929497,0.18594083189964294,-0.7505303025245667,-1.604386806488037,-0.021852098405361176,1.5495208501815796,-0.02586972713470459,-0.09658267349004745,-0.5885956287384033,0.6527806520462036,0.3541811406612396,-0.3193560838699341
695.0,-0.12779459357261658,0.0034480388276278973,0.1547820121049881,-0.7382770776748657,-1.651111364364624,-0.05252041295170784,1.551730990409851,-0.00921797938644886,-0.09903186559677124,-0.6117671132087708,0.6315768361091614,0.3421100080013275,-0.33137959241867065
696.0,-0.1141849011182785,-0.003449673531576991,0.1689014583826065,-0.7494304180145264,-1.6937355995178223,-0.08086562156677246,1.5515278577804565,0.005336632952094078,-0.09807275235652924,0.6320616602897644,-0.6116299629211426,-0.3308851420879364,0.34193846583366394
697.0,-0.10281165689229965,-0.042191945016384125,0.2443300038576126,-0.7929749488830566,-1.7323269844055176,-0.107463538646698,1.5473250150680542,0.017473377287387848,-0.0907677710056305,0.6501058340072632,-0.5935189723968506,-0.3198870122432709,0.35038548707962036
698.0,-0.08912434428930283,-0.05725578963756561,0.279123455286026,-0.8233246207237244,-1.7725963592529297,-0.136694997549057,1.5459617376327515,0.03260205686092377,-0.09160709381103516,0.6695016026496887,-0.5735403299331665,-0.30709949135780334,0.3584814965724945
699.0,-0.07880237698554993,-0.06478555500507355,0.3014066517353058,-0.8489432334899902,-1.8013908863067627,-0.15917553007602692,1.5454999208450317,0.044207893311977386,-0.09541226923465729,0.6837929487228394,-0.5587531328201294,-0.29693758487701416,0.3633872866630554
700.0,-0.06009441614151001,-0.10830825567245483,0.3921060264110565,-0.9155426025390625,-1.8605642318725586,-0.2061246931552887,1.5379066467285156,0.06466463208198547,-0.09043767303228378,0.7105352878570557,-0.5273581743240356,-0.27764958143234253,0.3740907311439514
701.0,-0.046058397740125656,-0.13429230451583862,0.45039689540863037,-0.9656203389167786,-1.9038453102111816,-0.2433599978685379,1.532362937927246,0.08008702099323273,-0.08987171202898026,0.729842483997345,-0.5031038522720337,-0.2626834213733673,0.38106945157051086
702.0,-0.0741308256983757,-0.09108549356460571,0.3486855924129486,-0.8727932572364807,-1.8217072486877441,-0.17369037866592407,1.5407911539077759,0.04870762676000595,-0.08729173988103867,0.6918186545372009,-0.5485520362854004,-0.29173314571380615,0.367925763130188
703.0,-0.06291062384843826,-0.12339659780263901,0.4111308455467224,-0.9131932854652405,-1.8606112003326416,-0.2035241723060608,1.5344226360321045,0.06055690720677376,-0.08010680228471756,0.7083083391189575,-0.528039813041687,-0.2800035774707794,0.3755945563316345
704.0,-0.084553062915802,-0.08338473737239838,0.3243296146392822,-0.842745304107666,-1.792364478111267,-0.149796724319458,1.5413917303085327,0.037049271166324615,-0.08232009410858154,0.677046537399292,-0.563694953918457,-0.30273133516311646,0.36360660195350647
705.0,-0.10051410645246506,-0.06554334610700607,0.2844419479370117,-0.8089064955711365,-1.7447178363800049,-0.11535155028104782,1.5435588359832764,0.019509145990014076,-0.08240321278572083,0.6547167897224426,-0.5876504182815552,-0.31755492091178894,0.3537963330745697
706.0,-0.08142375200986862,-0.10284564644098282,0.35671114921569824,-0.8553380966186523,-1.8068721294403076,-0.1591605693101883,1.5375847816467285,0.03998576104640961,-0.07444779574871063,0.6822518110275269,-0.5564293265342712,-0.2997432351112366,0.367522656917572
707.0,-0.12389678508043289,-0.07178716361522675,0.2852589786052704,-0.790071964263916,-1.6669602394104004,-0.062360044568777084,1.5413111448287964,-0.004323692061007023,-0.07352743297815323,-0.6181133985519409,0.6239109635353088,0.33970993757247925,-0.33655330538749695
708.0,-0.09356563538312912,-0.10193333029747009,0.34647244215011597,-0.8355024456977844,-1.7743357419967651,-0.13480161130428314,1.53699791431427,0.02632497251033783,-0.06888924539089203,0.6664672493934631,-0.5732812285423279,-0.3108144998550415,0.36133697628974915
709.0,-0.06091294437646866,-0.14498546719551086,0.44489234685897827,-0.9243156313896179,-1.8749380111694336,-0.2125377655029297,1.5294184684753418,0.06180195510387421,-0.06974861770868301,0.7124570608139038,-0.5208627581596375,-0.27751436829566956,0.3795953691005707
710.0,-0.03897764906287193,-0.18490947782993317,0.5329031348228455,-1.0011508464813232,-1.9453818798065186,-0.27298638224601746,1.5195708274841309,0.08539421856403351,-0.06748737394809723,0.7424498796463013,-0.481193870306015,-0.25348424911499023,0.3911091983318329
711.0,-0.027241013944149017,-0.21099761128425598,0.587002158164978,-1.0451011657714844,-1.9852975606918335,-0.30831941962242126,1.5119270086288452,0.0977131575345993,-0.06330648809671402,0.7578279376029968,-0.45779064297676086,-0.24037840962409973,0.3979231119155884
712.0,-0.053990527987480164,-0.16746973991394043,0.4849570393562317,-0.9469465613365173,-1.9015618562698364,-0.23225541412830353,1.523966908454895,0.06874878704547882,-0.06218399107456207,0.7223679423332214,-0.5065399408340454,-0.27027106285095215,0.38542887568473816
713.0,-0.06641940027475357,-0.1518276184797287,0.4474638104438782,-0.9106802344322205,-1.8644392490386963,-0.20169635117053986,1.5274797677993774,0.055080968886613846,-0.0609598383307457,0.7059471607208252,-0.5270549654960632,-0.2830503582954407,0.37912285327911377
714.0,-0.08166494220495224,-0.12354390323162079,0.38754069805145264,-0.8617772459983826,-1.813249111175537,-0.1620362550020218,1.5330204963684082,0.03903014212846756,-0.0636003389954567,0.6832422018051147,-0.5534926652908325,-0.29979169368743896,0.37006875872612
715.0,-0.1075366660952568,-0.09879668802022934,0.3335508704185486,-0.8175318837165833,-1.728449821472168,-0.10311960428953171,1.537099003791809,0.011867152526974678,-0.06504485011100769,0.6457189321517944,-0.5956568717956543,-0.3239297866821289,0.35115447640419006
716.0,-0.13155058026313782,-0.0961679071187973,0.32418832182884216,-0.800351083278656,-1.6424275636672974,-0.04607719928026199,1.536495327949524,-0.011688617058098316,-0.06292092800140381,-0.6059626936912537,0.6347529292106628,0.346815288066864,-0.3310849666595459
717.0,-0.14734649658203125,-0.10218239575624466,0.33531293272972107,-0.8008815050125122,-1.592621088027954,-0.013917849399149418,1.5346132516860962,-0.02797296643257141,-0.06138043850660324,-0.5812286138534546,0.6564890742301941,0.36000552773475647,-0.31873416900634766
718.0,-0.16678205132484436,-0.11544854193925858,0.36511045694351196,-0.8173847198486328,-1.5322022438049316,0.024602672085165977,1.5313215255737305,-0.04792599380016327,-0.06166646629571915,-0.550684928894043,0.6822042465209961,0.3742630183696747,-0.3021104037761688
719.0,-0.1783447414636612,-0.13794507086277008,0.4059795141220093,-0.8347992897033691,-1.4972079992294312,0.04675627499818802,1.5258840322494507,-0.05928903818130493,-0.055167056620121,-0.5321067571640015,0.6961240172386169,0.38289836049079895,-0.2926817536354065
720.0,-0.1566435545682907,-0.11891140788793564,0.3636951148509979,-0.8100042939186096,-1.5646250247955322,0.003914065659046173,1.5308328866958618,-0.03732036426663399,-0.055203624069690704,-0.5667794942855835,0.6682491898536682,0.3674941658973694,-0.31169232726097107
721.0,-0.13626983761787415,-0.11632406711578369,0.35550886392593384,-0.8085147738456726,-1.6282947063446045,-0.03676347807049751,1.5322643518447876,-0.01617283932864666,-0.0535045862197876,-0.5986671447753906,0.6408479809761047,0.3511475920677185,-0.328034907579422
722.0,-0.1599237620830536,-0.13654139637947083,0.39162677526474,-0.8187853097915649,-1.5543041229248047,0.010424114763736725,1.5269008874893188,-0.040115464478731155,-0.04732581228017807,-0.5613430738449097,0.672321617603302,0.3704321086406708,-0.3092857599258423
723.0,-0.1412266194820404,-0.13345208764076233,0.3814747929573059,-0.8142594695091248,-1.6131545305252075,-0.026911338791251183,1.5283726453781128,-0.020871825516223907,-0.04503121227025986,-0.5908311605453491,0.6472310423851013,0.3557424247264862,-0.3247429430484772
724.0,-0.11131791770458221,-0.12975099682807922,0.37930357456207275,-0.8289350271224976,-1.7192472219467163,-0.09647262096405029,1.5307838916778564,0.0081767113879323,-0.048989132046699524,0.6407867670059204,-0.6001125574111938,-0.3272951543331146,0.34947848320007324
725.0,-0.09095536172389984,-0.14002114534378052,0.40507104992866516,-0.852957010269165,-1.7924443483352661,-0.14549273252487183,1.52880859375,0.028334487229585648,-0.050322651863098145,0.6721453666687012,-0.5645768046379089,-0.3081028163433075,0.3668055534362793
726.0,-0.07009744644165039,-0.16535671055316925,0.46077847480773926,-0.9011821746826172,-1.8596305847167969,-0.194783017039299,1.5237624645233154,0.05044945701956749,-0.04914015531539917,0.7014555335044861,-0.5299630761146545,-0.2872709035873413,0.3802298307418823
727.0,-0.057296037673950195,-0.17832425236701965,0.4958783686161041,-0.9405398964881897,-1.8993338346481323,-0.2277837097644806,1.5211050510406494,0.06421344727277756,-0.05291706323623657,0.719389021396637,-0.5085347294807434,-0.27312013506889343,0.3863641917705536
728.0,-0.04034867137670517,-0.2063472718000412,0.5584954619407654,-0.997292160987854,-1.9531750679016113,-0.27375537157058716,1.5136585235595703,0.08243582397699356,-0.0517924427986145,0.7418904900550842,-0.4780604839324951,-0.25467240810394287,0.39521992206573486
729.0,-0.0507962629199028,-0.1974371075630188,0.5295758247375488,-0.9598416090011597,-1.9240305423736572,-0.24592961370944977,1.5160534381866455,0.07073686271905899,-0.04617432504892349,0.7282692790031433,-0.49511364102363586,-0.2663821876049042,0.3918251395225525
730.0,-0.03161218762397766,-0.23624679446220398,0.6119229793548584,-1.0308849811553955,-1.9902297258377075,-0.303293377161026,1.5048764944076538,0.09064316749572754,-0.04148706793785095,0.7543506622314453,-0.4573940336704254,-0.24415041506290436,0.40266159176826477
731.0,-0.010837351903319359,-0.2743751108646393,0.6993694305419922,-1.1172773838043213,-2.0602197647094727,-0.3716932237148285,1.4917829036712646,0.11230087280273438,-0.04015396535396576,0.7808551788330078,-0.41466453671455383,-0.2191428542137146,0.4126681089401245
732.0,-0.004262149333953857,-0.36427050828933716,0.8835281729698181,-1.3788856267929077,-2.0787553787231445,-0.5139454007148743,1.4712982177734375,0.11967946588993073,-0.024320438504219055,0.8268923163414001,-0.38369444012641907,-0.17304985225200653,0.37293633818626404
733.0,-0.017623620107769966,-0.38459059596061707,0.9153180122375488,-1.4450682401657104,-2.0328216552734375,-0.5245208144187927,1.4714875221252441,0.10630383342504501,-0.015772052109241486,0.8315772414207458,-0.40377116203308105,-0.166579008102417,0.3430737853050232
734.0,-0.021337034180760384,-0.26416015625,0.6677996516227722,-1.0806617736816406,-2.0285043716430664,-0.3412740230560303,1.4966416358947754,0.10090737044811249,-0.03572314977645874,0.7694326639175415,-0.43470507860183716,-0.2301957905292511,0.4074490964412689
735.0,-0.05002088472247124,-0.21123485267162323,0.548687756061554,-0.9632120132446289,-1.932945728302002,-0.2506367862224579,1.5122270584106445,0.07081098109483719,-0.037857212126255035,0.730099618434906,-0.49072960019111633,-0.26527637243270874,0.3946739137172699
736.0,-0.06766100227832794,-0.18412448465824127,0.4891103506088257,-0.9099308252334595,-1.8736101388931274,-0.2033371478319168,1.5189741849899292,0.052409637719392776,-0.039483703672885895,0.7056739330291748,-0.5229194164276123,-0.2846478521823883,0.3841291666030884
737.0,-0.12567347288131714,-0.14536099135875702,0.3995400071144104,-0.8267218470573425,-1.6705011129379272,-0.0640716478228569,1.5267682075500488,-0.005774104967713356,-0.039147794246673584,-0.6180568933486938,0.6225318908691406,0.34067755937576294,-0.33822864294052124
738.0,-0.10729120671749115,-0.15318380296230316,0.41568031907081604,-0.8424735069274902,-1.7367329597473145,-0.10779336839914322,1.525726318359375,0.012200331315398216,-0.0379096120595932,0.6479609608650208,-0.59193354845047,-0.32329481840133667,0.3538952171802521
739.0,-0.0812862291932106,-0.17368943989276886,0.4593137502670288,-0.8752180933952332,-1.8313556909561157,-0.17066366970539093,1.5209596157073975,0.0378771647810936,-0.03535071015357971,0.6867318153381348,-0.5450019836425781,-0.29901689291000366,0.37677738070487976
740.0,-0.06941994279623032,-0.25004422664642334,0.6101336479187012,-1.038744330406189,-1.874191403388977,-0.23642732203006744,1.5096595287322998,0.050305865705013275,-0.02360343188047409,0.7230825424194336,-0.5260128974914551,-0.26338616013526917,0.3620632290840149
741.0,-0.08554334193468094,-0.25512799620628357,0.6125785112380981,-1.0453660488128662,-1.8216278553009033,-0.20122717320919037,1.5108122825622559,0.03374228999018669,-0.0190945565700531,0.7054498791694641,-0.5566597580909729,-0.27176451683044434,0.3444046974182129
742.0,-0.1051875650882721,-0.17071855068206787,0.44173187017440796,-0.850908637046814,-1.7467366456985474,-0.11415214836597443,1.5216877460479736,0.014303681440651417,-0.028832167387008667,0.6518491506576538,-0.5872235298156738,-0.32117533683776855,0.3565215766429901
743.0,-0.13962149620056152,-0.1559699922800064,0.41447463631629944,-0.824396550655365,-1.6224920749664307,-0.032810091972351074,1.5235193967819214,-0.019185395911335945,-0.03316682577133179,-0.594809889793396,0.6433719396591187,0.353882372379303,-0.3271711766719818
744.0,-0.16803708672523499,-0.15665988624095917,0.42545121908187866,-0.8313609957695007,-1.5287376642227173,0.02650543861091137,1.5219916105270386,-0.04773373156785965,-0.039703838527202606,-0.5481194257736206,0.6826493144035339,0.37683549523353577,-0.3025723993778229
745.0,-0.15604284405708313,-0.1639021933078766,0.4279806613922119,-0.8232651948928833,-1.5668197870254517,0.002488583093509078,1.5206127166748047,-0.035132236778736115,-0.030144721269607544,-0.5669101476669312,0.6662276387214661,0.36900150775909424,-0.31399285793304443
746.0,-0.1780274510383606,-0.1808355152606964,0.46526485681533813,-0.8451318144798279,-1.4974911212921143,0.04595685005187988,1.515616774559021,-0.056998372077941895,-0.029890060424804688,-0.5315638780593872,0.6947060823440552,0.38484957814216614,-0.29447293281555176
747.0,-0.194003164768219,-0.1932915449142456,0.49601176381111145,-0.8665392994880676,-1.447625994682312,0.07752597332000732,1.5115338563919067,-0.07281516492366791,-0.03183633089065552,-0.5051792860031128,0.7141278386116028,0.3955998420715332,-0.27985021471977234
748.0,-0.21385344862937927,-0.2084471732378006,0.5373329520225525,-0.8987393379211426,-1.3855869770050049,0.11745469272136688,1.5059508085250854,-0.09229128062725067,-0.036628708243370056,-0.4712888300418854,0.7369042038917542,0.40826672315597534,-0.2611079514026642
749.0,-0.23446887731552124,-0.24094158411026,0.6066704392433167,-0.944020688533783,-1.32041335105896,0.1603417843580246,1.4945950508117676,-0.11104054749011993,-0.033724069595336914,-0.43449628353118896,0.7589387893676758,0.4209025502204895,-0.24096879363059998
750.0,-0.2537064254283905,-0.2673461437225342,0.6683163046836853,-0.9896413087844849,-1.2600706815719604,0.20136207342147827,1.4838297367095947,-0.1283634603023529,-0.034462928771972656,-0.39929142594337463,0.7777528166770935,0.43186652660369873,-0.2217164784669876
751.0,-0.27590033411979675,-0.2986091673374176,0.7433273196220398,-1.0487438440322876,-1.1901682615280151,0.2509564459323883,1.4696136713027954,-0.14760155975818634,-0.03607352077960968,-0.35727953910827637,0.7975009083747864,0.44366419315338135,-0.19876110553741455
752.0,-0.22896434366703033,-0.2205870896577835,0.5734105706214905,-0.9304406642913818,-1.33981454372406,0.14811863005161285,1.5009286403656006,-0.10713592171669006,-0.04236448556184769,-0.44545644521713257,0.7532147765159607,0.41657987236976624,-0.2463681995868683
753.0,-0.19377097487449646,-0.17623884975910187,0.4730253219604492,-0.8629948496818542,-1.4494287967681885,0.07680447399616241,1.5158799886703491,-0.0735950842499733,-0.04227769374847412,-0.5062928795814514,0.7140815854072571,0.39440685510635376,-0.27963948249816895
754.0,-0.2148110717535019,-0.19500088691711426,0.5209640860557556,-0.8981316685676575,-1.384902000427246,0.11847614496946335,1.509326457977295,-0.09438297152519226,-0.04605327546596527,-0.47080713510513306,0.7378377318382263,0.4077340364456177,-0.26017117500305176
755.0,-0.20301775634288788,-0.1709357053041458,0.475919246673584,-0.8761017322540283,-1.4210184812545776,0.09558771550655365,1.5165801048278809,-0.08347192406654358,-0.05237734317779541,-0.49107417464256287,0.7253322005271912,0.3994850814342499,-0.27046477794647217
756.0,-0.23133163154125214,-0.20251715183258057,0.5536757111549377,-0.932956337928772,-1.3353278636932373,0.15226230025291443,1.5054230690002441,-0.11111617088317871,-0.05652708560228348,-0.4427248537540436,0.7557619214057922,0.41633686423301697,-0.24388986825942993
757.0,-0.24276821315288544,-0.2289140820503235,0.6037251353263855,-0.960034191608429,-1.2987669706344604,0.17620132863521576,1.4965615272521973,-0.12084457278251648,-0.049759119749069214,-0.42157140374183655,0.7670163512229919,0.42389073967933655,-0.23298099637031555
758.0,-0.26386338472366333,-0.26935169100761414,0.6882919669151306,-1.0165760517120361,-1.23069167137146,0.22327657043933868,1.481099009513855,-0.13861383497714996,-0.044283948838710785,-0.38147392868995667,0.7872148156166077,0.4360330402851105,-0.21129587292671204
759.0,-0.29163268208503723,-0.31280070543289185,0.7912047505378723,-1.0994001626968384,-1.1427114009857178,0.2886923849582672,1.4607501029968262,-0.16176554560661316,-0.04514379799365997,-0.3275472819805145,0.8107918500900269,0.44979044795036316,-0.18170833587646484
760.0,-0.3028058409690857,-0.3214574158191681,0.8232503533363342,-1.1340587139129639,-1.111245036125183,0.314175546169281,1.4541592597961426,-0.17201665043830872,-0.05208738148212433,-0.30714544653892517,0.8188360333442688,0.4540509283542633,-0.17031453549861908
761.0,-0.3282688558101654,-0.3660545349121094,0.9306616187095642,-1.2303988933563232,-1.0271027088165283,0.38592728972435,1.4300202131271362,-0.19039249420166016,-0.05191962420940399,-0.25301453471183777,0.8368338942527771,0.4647060036659241,-0.14050264656543732
762.0,-0.34473666548728943,-0.389555960893631,0.9975218772888184,-1.302162766456604,-0.9743012189865112,0.43739888072013855,1.4142358303070068,-0.20215585827827454,-0.05666615068912506,-0.2173793464899063,0.8469884395599365,0.4699065089225769,-0.1206013560295105
763.0,-0.3257492780685425,-0.3498850166797638,0.9066091179847717,-1.2192835807800293,-1.0409847497940063,0.3755807876586914,1.4359753131866455,-0.19058281183242798,-0.06076426059007645,-0.26111096143722534,0.8349985480308533,0.4622785151004791,-0.14455832540988922
764.0,-0.31112316250801086,-0.32450270652770996,0.8443986177444458,-1.162419319152832,-1.089389681816101,0.33360961079597473,1.449884295463562,-0.18004943430423737,-0.06035694479942322,-0.2924179434776306,0.8246504664421082,0.4563522934913635,-0.16182079911231995
765.0,-0.2941799759864807,-0.29259827733039856,0.7726030349731445,-1.1056067943572998,-1.1429353952407837,0.29122039675712585,1.4656978845596313,-0.16714410483837128,-0.062906414270401,-0.32641178369522095,0.8123142123222351,0.4484705626964569,-0.18020866811275482
766.0,-0.2780047655105591,-0.26632311940193176,0.7088469862937927,-1.0518546104431152,-1.1953083276748657,0.2505679726600647,1.47806978225708,-0.15396340191364288,-0.061665937304496765,-0.35880744457244873,0.798423171043396,0.4410189688205719,-0.19819173216819763
767.0,-0.26530447602272034,-0.25263088941574097,0.6706050634384155,-1.0190457105636597,-1.2305419445037842,0.2249666005373001,1.4854828119277954,-0.14197136461734772,-0.05766528844833374,-0.3808327913284302,0.7883646488189697,0.4350617527961731,-0.2101639062166214
768.0,-0.25524553656578064,-0.22573146224021912,0.6196094751358032,-0.9890234470367432,-1.2656173706054688,0.2006857991218567,1.4949640035629272,-0.13444732129573822,-0.06484168767929077,-0.40141531825065613,0.7786064147949219,0.4287044405937195,-0.22102120518684387
769.0,-0.24029779434204102,-0.2047348916530609,0.569438099861145,-0.9517475962638855,-1.310398817062378,0.16964073479175568,1.5033820867538452,-0.12052904814481735,-0.06357188522815704,-0.42800503969192505,0.7644778490066528,0.4206274151802063,-0.2354949712753296
770.0,-0.2107439488172531,-0.1633882075548172,0.4741312265396118,-0.8859189748764038,-1.4001001119613647,0.10968301445245743,1.5176533460617065,-0.09230552613735199,-0.06268167495727539,-0.479338675737381,0.7336707711219788,0.40319758653640747,-0.2634263038635254
771.0,-0.19075126945972443,-0.13524016737937927,0.4125761389732361,-0.8477156758308411,-1.461289644241333,0.06999414414167404,1.52578604221344,-0.07274004817008972,-0.06388966739177704,-0.5129286646842957,0.7108185291290283,0.3902875483036041,-0.28163257241249084
772.0,-0.21493573486804962,-0.15206190943717957,0.46311891078948975,-0.8892645835876465,-1.3902356624603271,0.11666418612003326,1.5198612213134766,-0.09770180284976959,-0.07251928746700287,-0.47361770272254944,0.7379063367843628,0.40463611483573914,-0.2597115933895111
773.0,-0.18613143265247345,-0.11003287881612778,0.3706582486629486,-0.832019031047821,-1.4769949913024902,0.06014729291200638,1.531464695930481,-0.06915273517370224,-0.07389213144779205,-0.5214039087295532,0.7052316665649414,0.3862898349761963,-0.28559839725494385
774.0,-0.17636387050151825,-0.1133512407541275,0.3686012923717499,-0.824874222278595,-1.504210352897644,0.042586956173181534,1.5313454866409302,-0.05831405520439148,-0.06736700236797333,-0.5360878109931946,0.6940245628356934,0.38031551241874695,-0.2937684655189514
775.0,-0.13919541239738464,-0.07719344645738602,0.2947283089160919,-0.7893308997154236,-1.6167513132095337,-0.029553286731243134,1.539674997329712,-0.019905172288417816,-0.07186616957187653,-0.5938120484352112,0.6462764143943787,0.3529279828071594,-0.32427746057510376
776.0,-0.16787408292293549,-0.09003961831331253,0.327188104391098,-0.8080700635910034,-1.5293736457824707,0.026590639725327492,1.5364224910736084,-0.050029367208480835,-0.07473446428775787,-0.5496028661727905,0.6840386986732483,0.3738810122013092,-0.3004012703895569
777.0,-0.1767731010913849,-0.08517687022686005,0.3259093463420868,-0.813744068145752,-1.5046112537384033,0.042647261172533035,1.5369571447372437,-0.0600101575255394,-0.08142684400081635,-0.5365492701530457,0.6946969628334045,0.3791525363922119,-0.2928384840488434
778.0,-0.1512107104063034,-0.061931122094392776,0.2723691165447235,-0.7817902565002441,-1.5811336040496826,-0.0066453926265239716,1.5419178009033203,-0.03324131667613983,-0.08000119030475616,-0.5760613083839417,0.6622114181518555,0.3615435063838959,-0.31450867652893066
779.0,-0.11792293936014175,-0.036180928349494934,0.22553594410419464,-0.7696537971496582,-1.6848335266113281,-0.07446242868900299,1.5471611022949219,0.0014288545353338122,-0.08695032447576523,0.6270566582679749,-0.6157567501068115,-0.3342936635017395,0.3404283821582794
780.0,-0.1337938904762268,-0.03654097020626068,0.22664523124694824,-0.7665024995803833,-1.6329747438430786,-0.040370017290115356,1.5465142726898193,-0.01501956582069397,-0.08739902079105377,-0.6024689674377441,0.6395376324653625,0.3475785553455353,-0.3274323344230652
781.0,-0.14957492053508759,-0.03656623885035515,0.22958071529865265,-0.7669819593429565,-1.5859452486038208,-0.009794340468943119,1.5460095405578613,-0.03207852318882942,-0.08950795978307724,-0.5789090991020203,0.6605430245399475,0.3595292866230011,-0.31509652733802795
782.0,-0.18042315542697906,-0.06781908124685287,0.30113130807876587,-0.8087714910507202,-1.4951826333999634,0.04896454140543938,1.5399707555770874,-0.06473612785339355,-0.09113789349794388,-0.5316185355186462,0.6990811228752136,0.38063517212867737,-0.28945526480674744
783.0,-0.1590171605348587,-0.024251701310276985,0.21291400492191315,-0.7641117572784424,-1.557672381401062,0.0085128303617239,1.547555923461914,-0.042564183473587036,-0.09707026183605194,-0.5647632479667664,0.673145592212677,0.3657345175743103,-0.30684807896614075
784.0,-0.17804069817066193,-0.07179898023605347,0.3192858397960663,-0.851237952709198,-1.502700924873352,0.04689183086156845,1.543260931968689,-0.06280779838562012,-0.09890677034854889,-0.539134681224823,0.7018142342567444,0.3692356050014496,-0.2836472988128662
785.0,-0.16274189949035645,-0.3305714726448059,0.8669568300247192,-1.5810365676879883,-1.5479261875152588,0.03935649245977402,1.5152686834335327,-0.04153083264827728,-0.06969515979290009,-0.6080753207206726,0.7500040531158447,0.2021678388118744,-0.1639101505279541
786.0,-0.16003048419952393,-0.4283481240272522,1.140820860862732,-2.1418557167053223,-1.5651005506515503,1.4123138189315796,1.4848923683166504,-0.0351857990026474,-0.05721785128116608,0.000973261019680649,0.9974968433380127,0.01400841772556305,-0.06930296123027802
787.0,-0.15186281502246857,-0.4234003722667694,1.124484896659851,-2.1101508140563965,-1.5732884407043457,-0.015273544937372208,1.4884611368179321,-0.024844536557793617,-0.0575191006064415,-0.6551321148872375,0.7511827349662781,0.06088433042168617,-0.05309930071234703
788.0,-0.14192743599414825,-0.4202435612678528,1.1196438074111938,-2.117011547088623,-1.5833426713943481,-0.08108122646808624,1.4918031692504883,-0.012074952945113182,-0.05791404843330383,-0.6835976243019104,0.7258102297782898,0.05588633939623833,-0.052636027336120605
789.0,-0.13909953832626343,-0.41636496782302856,1.1183037757873535,-2.1477997303009033,-1.5826928615570068,1.4327858686447144,1.496901273727417,-0.008464819751679897,-0.058531999588012695,0.00017212172679137439,0.9980319738388062,0.002742050215601921,-0.06264764070510864
790.0,-0.14911745488643646,-0.41759946942329407,1.1196024417877197,-2.141587495803833,-1.575003981590271,1.4229527711868286,1.4953842163085938,-0.022056426852941513,-0.05847218632698059,0.0004976471536792815,0.9978464245796204,0.007622278295457363,-0.06514788419008255
791.0,-0.15870656073093414,-0.41909128427505493,1.124515414237976,-2.149775266647339,-1.567422866821289,1.4133244752883911,1.4939967393875122,-0.035032719373703,-0.058539800345897675,0.0007226807065308094,0.99800044298172,0.011608954519033432,-0.06212753430008888
792.0,-0.17285145819187164,-0.42372795939445496,1.1324408054351807,-2.140779495239258,-1.5549145936965942,1.3994874954223633,1.4884363412857056,-0.053343623876571655,-0.05838543921709061,0.0013198262313380837,0.9975630640983582,0.019672319293022156,-0.06692703068256378
793.0,-0.17266768217086792,-0.4172566831111908,1.0973689556121826,-2.0234169960021973,-1.5452919006347656,0.10971629619598389,1.4882932901382446,-0.05153655260801315,-0.0588393434882164,-0.5954772233963013,0.7952144742012024,0.0914086177945137,-0.06844914704561234
794.0,-0.18198683857917786,-0.4270550310611725,1.1275537014007568,-2.079510450363159,-1.5338577032089233,0.18794961273670197,1.4818331003189087,-0.06252217292785645,-0.05811776965856552,-0.5608466863632202,0.8221611380577087,0.08052635937929153,-0.05493198335170746
795.0,-0.18971863389015198,-0.21628451347351074,0.6190294623374939,-1.1834131479263306,-1.47512686252594,0.09434323757886887,1.5287964344024658,-0.07389090955257416,-0.08558967709541321,-0.5383270978927612,0.7486467957496643,0.3141638934612274,-0.22590482234954834
796.0,-0.1938716322183609,-0.38036224246025085,0.9889167547225952,-1.763582468032837,-1.4924190044403076,0.1755160689353943,1.495162844657898,-0.07640741765499115,-0.06532275676727295,-0.5459591150283813,0.8111273646354675,0.17401711642742157,-0.11712861806154251
797.0,-0.18710075318813324,-0.4298487603664398,1.1477975845336914,-2.1518187522888184,-1.5420159101486206,1.3851968050003052,1.481737732887268,-0.0714259222149849,-0.058381542563438416,0.0017331646522507071,0.9975531101226807,0.026780670508742332,-0.06455864012241364
798.0,-0.19402287900447845,-0.4323153495788574,1.1567648649215698,-2.16910719871521,-1.5392223596572876,1.3780364990234375,1.4791913032531738,-0.08084558695554733,-0.05850912630558014,0.0016251866472885013,0.9978866577148438,0.027572857216000557,-0.058816973119974136
799.0,-0.20423920452594757,-0.43847209215164185,1.1723912954330444,-2.1806697845458984,-1.53071928024292,1.3677221536636353,1.4722203016281128,-0.09335716813802719,-0.0585058331489563,0.0018232612637802958,0.9978759288787842,0.03211905062198639,-0.05664516240358353
800.0,-0.20684242248535156,-0.43311211466789246,1.1377288103103638,-2.054673433303833,-1.4954420328140259,0.32369163632392883,1.4718787670135498,-0.09161743521690369,-0.05893787741661072,-0.4900190830230713,0.8639240264892578,0.1011262834072113,-0.057358983904123306
801.0,-0.20883296430110931,-0.3676941990852356,0.9570329189300537,-1.6839451789855957,-1.4518029689788818,0.22622278332710266,1.4947850704193115,-0.09259068965911865,-0.06804780662059784,-0.509917140007019,0.8253582119941711,0.20623676478862762,-0.12741577625274658
802.0,-0.2393876612186432,-0.1455831229686737,0.48833638429641724,-0.9365304708480835,-1.3248403072357178,0.162904754281044,1.5179520845413208,-0.12491075694561005,-0.09931794553995132,-0.4353610575199127,0.7627513408660889,0.4153066575527191,-0.23704756796360016
803.0,-0.2541355788707733,-0.16717562079429626,0.5403136014938354,-0.9735888838768005,-1.282425045967102,0.19234319031238556,1.5099924802780151,-0.139215350151062,-0.10092191398143768,-0.40991106629371643,0.7764116525650024,0.4233277142047882,-0.2234983742237091
804.0,-0.26806485652923584,-0.19548377394676208,0.6025487780570984,-1.0162317752838135,-1.2407442331314087,0.2223730832338333,1.4995766878128052,-0.151593416929245,-0.09893671423196793,-0.38462305068969727,0.7891232967376709,0.43049198389053345,-0.20982417464256287
805.0,-0.23986177146434784,-0.16206373274326324,0.5119125843048096,-0.9419704079627991,-1.3203833103179932,0.1651628017425537,1.5140211582183838,-0.1239972859621048,-0.0899907797574997,-0.4330296218395233,0.7634414434432983,0.41682693362236023,-0.23642732203006744
806.0,-0.22829952836036682,-0.13573937118053436,0.4582346975803375,-0.9105815291404724,-1.3552731275558472,0.14164327085018158,1.5219972133636475,-0.11340486258268356,-0.09416040778160095,-0.4533928334712982,0.7519325017929077,0.4098352789878845,-0.24711845815181732
807.0,-0.2124711275100708,-0.11021710932254791,0.4001959562301636,-0.8725711107254028,-1.4019578695297241,0.11026737093925476,1.5294475555419922,-0.09779490530490875,-0.09395268559455872,-0.4801400303840637,0.7352884411811829,0.4005184769630432,-0.26153671741485596
808.0,-0.19575779139995575,-0.08577389270067215,0.34422656893730164,-0.8370359539985657,-1.4500800371170044,0.07849238067865372,1.5358316898345947,-0.08069437742233276,-0.09323343634605408,-0.5071616768836975,0.7170888781547546,0.3903328776359558,-0.2760632038116455
809.0,-0.19007712602615356,-0.09351711720228195,0.349786639213562,-0.8313915729522705,-1.4656931161880493,0.06790000200271606,1.5346624851226807,-0.07409781962633133,-0.08505108952522278,-0.5155887007713318,0.7103774547576904,0.3877338469028473,-0.2814154624938965
810.0,-0.20344915986061096,-0.11214827746152878,0.3928886353969574,-0.8596046566963196,-1.4262285232543945,0.09387625753879547,1.5299253463745117,-0.08769874274730682,-0.0860099196434021,-0.49393388628959656,0.7257497310638428,0.39588287472724915,-0.2694316804409027
811.0,-0.23069408535957336,-0.16125105321407318,0.4975457489490509,-0.9229953289031982,-1.3441119194030762,0.14831261336803436,1.5157862901687622,-0.11392909288406372,-0.0816662460565567,-0.4472702741622925,0.7547687888145447,0.4128264784812927,-0.2446378767490387
812.0,-0.24947340786457062,-0.18604373931884766,0.5581072568893433,-0.966694176197052,-1.2906874418258667,0.18483150005340576,1.506330966949463,-0.13234281539916992,-0.08419173210859299,-0.4154876172542572,0.7723695039749146,0.42309921979904175,-0.227601557970047
813.0,-0.26158344745635986,-0.21547937393188477,0.617513120174408,-1.004030466079712,-1.2506897449493408,0.21292230486869812,1.4962756633758545,-0.14223800599575043,-0.07876028120517731,-0.39191800355911255,0.7843224406242371,0.43015894293785095,-0.21494610607624054
814.0,-0.24442727863788605,-0.19384227693080902,0.5611482262611389,-0.9581117033958435,-1.3021032810211182,0.17621123790740967,1.505370855331421,-0.1260862648487091,-0.07449351251125336,-0.42268165946006775,0.7680246829986572,0.42150458693504333,-0.23197463154792786
815.0,-0.2700292766094208,-0.24401989579200745,0.6680418848991394,-1.029730200767517,-1.221624732017517,0.23264463245868683,1.486486792564392,-0.14811280369758606,-0.06875395774841309,-0.37467727065086365,0.7919034361839294,0.4358646869659424,-0.20622284710407257
816.0,-0.28517869114875793,-0.26440608501434326,0.7206088304519653,-1.0738173723220825,-1.1766606569290161,0.26628977060317993,1.476475715637207,-0.16165143251419067,-0.07182585448026657,-0.34671950340270996,0.8044450283050537,0.4429510831832886,-0.19091396033763885
817.0,-0.2978762090206146,-0.28172028064727783,0.7667804956436157,-1.1150954961776733,-1.1388282775878906,0.29628732800483704,1.4672436714172363,-0.17262527346611023,-0.07509580254554749,-0.3226950168609619,0.8144906163215637,0.44825538992881775,-0.17759540677070618
818.0,-0.3110019564628601,-0.30399370193481445,0.8196410536766052,-1.1584125757217407,-1.098698616027832,0.32822611927986145,1.455722689628601,-0.18308380246162415,-0.07487805187702179,-0.29698315262794495,0.8238468766212463,0.45417240262031555,-0.16372162103652954
819.0,-0.31763532757759094,-0.3252412974834442,0.8598660826683044,-1.1865590810775757,-1.0720393657684326,0.3500577211380005,1.446920394897461,-0.1864221692085266,-0.06838706135749817,-0.2805427610874176,0.8292780518531799,0.45782679319381714,-0.15488171577453613
820.0,-0.3309711813926697,-0.3460316061973572,0.9135732650756836,-1.2366154193878174,-1.0313949584960938,0.3857932388782501,1.434309720993042,-0.19650880992412567,-0.07013000547885895,-0.2536204159259796,0.8377190232276917,0.4628870487213135,-0.1401395946741104
821.0,-0.3435973823070526,-0.37178319692611694,0.9739068746566772,-1.292724847793579,-0.9871361255645752,0.4273231327533722,1.4200594425201416,-0.20429374277591705,-0.06810221076011658,-0.22446724772453308,0.845805823802948,0.4677772521972656,-0.12414275854825974
822.0,-0.35446834564208984,-0.388665109872818,1.020518183708191,-1.3421765565872192,-0.9527281522750854,0.46235886216163635,1.408376693725586,-0.21157869696617126,-0.07021757960319519,-0.20077723264694214,0.8517103791236877,0.4711097180843353,-0.11105666309595108
823.0,-0.3736455738544464,-0.4276723265647888,1.1181374788284302,-1.447296380996704,-0.8828883171081543,0.5401584506034851,1.3835455179214478,-0.22131194174289703,-0.06795273721218109,-0.15257078409194946,0.8613685965538025,0.47710078954696655,-0.08450695127248764
824.0,-0.367238849401474,-0.40599700808525085,1.0740599632263184,-1.405100703239441,-0.9127101302146912,0.5067777037620544,1.3946369886398315,-0.2200307995080948,-0.07467443495988846,-0.1724207103252411,0.8579865097999573,0.47438591718673706,-0.09533245861530304
825.0,-0.37781333923339844,-0.4230806231498718,1.1240088939666748,-1.4649112224578857,-0.877516508102417,0.5493867993354797,1.381490707397461,-0.22594420611858368,-0.0768778845667839,-0.1470632255077362,0.8628001809120178,0.47680553793907166,-0.08127091825008392
826.0,-0.38733795285224915,-0.4461922347545624,1.1788272857666016,-1.5248440504074097,-0.8403616547584534,0.5946726202964783,1.3666718006134033,-0.2292623072862625,-0.07279077172279358,-0.12102311104536057,0.8663126230239868,0.47995874285697937,-0.06704980880022049
827.0,-0.40482836961746216,-0.47769010066986084,1.2746514081954956,-1.6558810472488403,-0.7762930989265442,0.6909769177436829,1.3402197360992432,-0.23582668602466583,-0.07452253252267838,-0.07231628149747849,0.8717858195304871,0.48286184668540955,-0.040054310113191605
828.0,-0.4158422350883484,-0.49603521823883057,1.3390647172927856,-1.7574083805084229,-0.7348953485488892,0.7665682435035706,1.3220442533493042,-0.23894187808036804,-0.07670721411705017,-0.03857189789414406,0.874125599861145,0.48369526863098145,-0.021343665197491646
829.0,-0.425926148891449,-0.5136374235153198,1.4025375843048096,-1.861387014389038,-0.6973593235015869,0.8439438343048096,1.3028911352157593,-0.24051983654499054,-0.07750777155160904,-0.0065491581335663795,0.874800980091095,0.4844246506690979,-0.00362662342377007
830.0,-0.4323795735836029,-0.5239876508712769,1.4471006393432617,-1.9434137344360352,-0.6731313467025757,0.9052556157112122,1.2892143726348877,-0.2407342493534088,-0.07885231822729111,0.01627970300614834,0.8748725652694702,0.4839957058429718,0.009006233885884285
831.0,-0.4423518180847168,-0.5376796722412109,1.5205074548721313,-2.0961947441101074,-0.6340230703353882,1.0223292112350464,1.2663313150405884,-0.2398475557565689,-0.08092258870601654,0.056121986359357834,0.873266339302063,0.48300379514694214,0.031041081994771957
832.0,-0.4227477014064789,-0.4986254870891571,1.3682997226715088,-1.8127039670944214,-0.7181283831596375,0.8038840889930725,1.3124133348464966,-0.2426048070192337,-0.08402078598737717,-0.02249414473772049,0.8750758767127991,0.48330309987068176,-0.012423482723534107
833.0,-0.4098077714443207,-0.4747832119464874,1.2866663932800293,-1.6833139657974243,-0.7680374383926392,0.7074210047721863,1.3359202146530151,-0.24017786979675293,-0.08295220136642456,-0.06402646005153656,0.872765839099884,0.48262521624565125,-0.035405583679676056
834.0,-0.3984099328517914,-0.4583415389060974,1.2293246984481812,-1.600935935974121,-0.8055219650268555,0.6482122540473938,1.352760672569275,-0.23535197973251343,-0.07971277832984924,-0.09351049363613129,0.8702525496482849,0.4808807969093323,-0.05167166516184807
835.0,-0.3881016671657562,-0.4326992928981781,1.1640009880065918,-1.519650936126709,-0.8488381505012512,0.5866867899894714,1.3700485229492188,-0.232814759016037,-0.08333442360162735,-0.12519268691539764,0.8662881255149841,0.47863057255744934,-0.06916987150907516
836.0,-0.4159097969532013,-0.4771808981895447,1.3120708465576172,-1.7315164804458618,-0.7517223358154297,0.7406118512153625,1.3282966613769531,-0.24372060596942902,-0.0896938294172287,-0.04915612190961838,0.8742610216140747,0.48219946026802063,-0.027112102136015892
837.0,-0.40411636233329773,-0.45264485478401184,1.2397032976150513,-1.6292304992675781,-0.7982885241508484,0.6636983752250671,1.3487327098846436,-0.24105633795261383,-0.09134653210639954,-0.08538009226322174,0.8717061877250671,0.48023563623428345,-0.047037139534950256
838.0,-0.3939730226993561,-0.4287227392196655,1.1770222187042236,-1.5511164665222168,-0.838232159614563,0.6056694984436035,1.3660308122634888,-0.23843872547149658,-0.09434137493371964,-0.11513393372297287,0.8684101700782776,0.47811082005500793,-0.06338799744844437
839.0,-0.38406145572662354,-0.4073978662490845,1.1219189167022705,-1.4867901802062988,-0.8754727244377136,0.5579009652137756,1.3808764219284058,-0.23464322090148926,-0.09642310440540314,-0.14193949103355408,0.8647198677062988,0.47541865706443787,-0.07803762704133987
840.0,-0.36776623129844666,-0.38437071442604065,1.0489931106567383,-1.3977513313293457,-0.9256433248519897,0.4963172972202301,1.4005241394042969,-0.22477976977825165,-0.09078190475702286,-0.17887043952941895,0.8575270175933838,0.47217825055122375,-0.09849105775356293
841.0,-0.37767091393470764,-0.4093455970287323,1.1068449020385742,-1.4572572708129883,-0.8875359892845154,0.5402377247810364,1.3855905532836914,-0.2286457121372223,-0.08657242357730865,-0.15245456993579865,0.8624529838562012,0.4752625823020935,-0.08401146531105042
842.0,-0.36576229333877563,-0.39187440276145935,1.0526894330978394,-1.39118492603302,-0.9256559014320374,0.4939899146556854,1.3997609615325928,-0.221510648727417,-0.08264905214309692,-0.18017014861106873,0.8567779064178467,0.4728459417819977,-0.09943384677171707
843.0,-0.34986385703086853,-0.36663496494293213,0.9832497835159302,-1.3171074390411377,-0.9758901000022888,0.44142019748687744,1.4176682233810425,-0.21125765144824982,-0.08024628460407257,-0.21513806283473969,0.8489067554473877,0.4679819345474243,-0.11860046535730362
844.0,-0.33356648683547974,-0.33254459500312805,0.9034591913223267,-1.2431870698928833,-1.032418131828308,0.3874899744987488,1.4367207288742065,-0.20138786733150482,-0.08322875946760178,-0.252693772315979,0.8387376666069031,0.46184808015823364,-0.13914498686790466
845.0,-0.3450698256492615,-0.34727272391319275,0.9482824206352234,-1.29189133644104,-0.9975208044052124,0.4215691089630127,1.4261493682861328,-0.21010786294937134,-0.08776724338531494,-0.22880829870700836,0.8457652926445007,0.46527808904647827,-0.12587355077266693
846.0,-0.32232666015625,-0.3129691481590271,0.8555879592895508,-1.2007368803024292,-1.0670840740203857,0.35715386271476746,1.448056697845459,-0.19317802786827087,-0.08327171951532364,-0.27564674615859985,0.8317753672599792,0.457377552986145,-0.15157295763492584
847.0,-0.3085877597332001,-0.28466135263442993,0.7912040948867798,-1.1470861434936523,-1.11277437210083,0.3183797597885132,1.4620802402496338,-0.18349342048168182,-0.08558833599090576,-0.3049960434436798,0.8215800523757935,0.45153698325157166,-0.1676245480775833
848.0,-0.2964867949485779,-0.26464515924453735,0.7432328462600708,-1.1083227396011353,-1.1487951278686523,0.29005226492881775,1.4724082946777344,-0.17355504631996155,-0.08545824885368347,-0.32813164591789246,0.8129956126213074,0.44604671001434326,-0.18002809584140778
849.0,-0.2840175926685333,-0.24736420810222626,0.6971129179000854,-1.0673630237579346,-1.1853686571121216,0.2609567642211914,1.481459379196167,-0.162632018327713,-0.08210437744855881,-0.3514048457145691,0.8030062317848206,0.44097238779067993,-0.19297465682029724
850.0,-0.27651846408843994,-0.22581970691680908,0.6562728881835938,-1.043115496635437,-1.2112350463867188,0.24245570600032806,1.489416480064392,-0.15730589628219604,-0.08814970403909683,-0.36702242493629456,0.796512246131897,0.436382919549942,-0.2010795772075653
851.0,-0.26231905817985535,-0.1989753395318985,0.5972721576690674,-1.002512812614441,-1.2537258863449097,0.21200406551361084,1.5002492666244507,-0.14489446580410004,-0.09032480418682098,-0.39309439063072205,0.7844589948654175,0.4288570284843445,-0.2149013727903366
852.0,-0.2914236783981323,-0.244668647646904,0.7083833813667297,-1.089532494544983,-1.1681822538375854,0.27595776319503784,1.4796230792999268,-0.1708654761314392,-0.09308779239654541,-0.3398009240627289,0.8087006211280823,0.44265586137771606,-0.18599574267864227
853.0,-0.31874921917915344,-0.2905195653438568,0.8204305171966553,-1.1834629774093628,-1.085888385772705,0.34287184476852417,1.4559496641159058,-0.1930657923221588,-0.0945798009634018,-0.28670749068260193,0.8287084698677063,0.4542500972747803,-0.15715648233890533
854.0,-0.333208829164505,-0.3195069432258606,0.8872050046920776,-1.2394813299179077,-1.0397214889526367,0.382846862077713,1.440550446510315,-0.20320063829421997,-0.09225620329380035,-0.2564472258090973,0.8381908535957336,0.46026214957237244,-0.1408187299966812
855.0,-0.35707566142082214,-0.35752609372138977,0.9899097681045532,-1.3432434797286987,-0.9659312963485718,0.45531126856803894,1.4154610633850098,-0.21988096833229065,-0.0962822213768959,-0.20588234066963196,0.8520405292510986,0.4678257703781128,-0.11304283142089844
856.0,-0.3439081013202667,-0.3307590186595917,0.9252887964248657,-1.281886100769043,-1.0096269845962524,0.4118768274784088,1.4314079284667969,-0.2119206041097641,-0.09792980551719666,-0.2355828732252121,0.8444486260414124,0.4633546769618988,-0.1292659193277359
857.0,-0.30311039090156555,-0.4033241271972656,1.060848593711853,-1.6680487394332886,-1.1960159540176392,0.5282248258590698,1.4399913549423218,-0.1805707961320877,-0.07702693343162537,-0.2931704521179199,0.8990032076835632,0.30930638313293457,-0.10086672753095627
858.0,-0.3003793954849243,-0.34499818086624146,0.9288314580917358,-1.4391909837722778,-1.1781328916549683,0.41477420926094055,1.4581327438354492,-0.17942717671394348,-0.08594976365566254,-0.3190135061740875,0.8642396926879883,0.3649308681488037,-0.1347055584192276
859.0,-0.28804054856300354,-0.350759893655777,0.9358934164047241,-1.485154390335083,-1.2150793075561523,0.4135720729827881,1.4644159078598022,-0.16819487512111664,-0.08229809999465942,-0.3384908139705658,0.8675103783607483,0.33955323696136475,-0.13248908519744873
860.0,-0.2704475522041321,-0.32207736372947693,0.8657145500183105,-1.4095346927642822,-1.2653477191925049,0.33978891372680664,1.4800666570663452,-0.1536005586385727,-0.08307237923145294,-0.3820052742958069,0.8469252586364746,0.3371424078941345,-0.15206792950630188
861.0,-0.2374299019575119,-0.4162295460700989,1.0809285640716553,-1.8627289533615112,-1.4107322692871094,0.3870185613632202,1.4670928716659546,-0.12292419373989105,-0.06454125791788101,-0.43320098519325256,0.878661572933197,0.18003414571285248,-0.0887610912322998
862.0,-0.21553374826908112,-0.45415881276130676,1.2068397998809814,-2.192445993423462,-1.515378475189209,0.3978804349899292,1.455670952796936,-0.10418672859668732,-0.05722883343696594,-0.45784324407577515,0.8861899375915527,0.06311751902103424,-0.032609179615974426
863.0,-0.2123136669397354,-0.44337236881256104,1.184298038482666,-2.187199354171753,-1.5237433910369873,1.359593152999878,1.4664522409439087,-0.10307078063488007,-0.05848471820354462,0.0020177147816866636,0.9977853298187256,0.03602825850248337,-0.05587965250015259
864.0,-0.21975865960121155,-0.4488477110862732,1.1978904008865356,-2.195751428604126,-1.516141653060913,1.352037787437439,1.4600791931152344,-0.11154219508171082,-0.05845525860786438,0.002193085616454482,0.9977023005485535,0.04009963944554329,-0.05456523969769478
865.0,-0.2264319360256195,-0.4535597860813141,1.2119712829589844,-2.213825225830078,-1.514646291732788,1.3451511859893799,1.4545356035232544,-0.11994856595993042,-0.05854856222867966,0.0020111538469791412,0.9979422688484192,0.040229182690382004,-0.04988953843712807
866.0,-0.23497985303401947,-0.45642179250717163,1.200858473777771,-2.123807668685913,-1.4704927206039429,0.47691774368286133,1.4477872848510742,-0.12403647601604462,-0.05854755640029907,-0.4095875918865204,0.9058906435966492,0.09813899546861649,-0.04437237232923508
867.0,-0.24036528170108795,-0.4662412106990814,1.2382581233978271,-2.2087016105651855,-1.4900758266448975,0.5386739373207092,1.439133644104004,-0.13297775387763977,-0.0582478865981102,-0.3819444477558136,0.9208774566650391,0.0721621960401535,-0.029930096119642258
868.0,-0.251949280500412,-0.4758298993110657,1.269365668296814,-2.255504608154297,-1.492310643196106,1.319003701210022,1.4272767305374146,-0.14736352860927582,-0.058499857783317566,0.0022118831984698772,0.9977510571479797,0.05148233473300934,-0.04286729916930199
869.0,-0.2547949552536011,-0.48067763447761536,1.27180814743042,-2.2189154624938965,-1.4603776931762695,0.6532018184661865,1.4217886924743652,-0.14503711462020874,-0.05784110724925995,-0.32031312584877014,0.9430171251296997,0.08531402796506882,-0.028978480026125908
870.0,-0.2608814537525177,-0.48548370599746704,1.293649673461914,-2.269926071166992,-1.480394959449768,1.3097223043441772,1.4152456521987915,-0.15536466240882874,-0.05841769278049469,0.002366158179938793,0.997494637966156,0.057636111974716187,-0.04095054045319557
871.0,-0.26548832654953003,-0.48566633462905884,1.2811696529388428,-2.2029507160186768,-1.4334394931793213,0.6932228803634644,1.4137487411499023,-0.15421557426452637,-0.05848748981952667,-0.2942367494106293,0.9498012661933899,0.1015520691871643,-0.03145958483219147
872.0,-0.26729732751846313,-0.49256300926208496,1.3082140684127808,-2.2652242183685303,-1.4626225233078003,0.7251639366149902,1.4063807725906372,-0.15946553647518158,-0.058227404952049255,-0.2810758352279663,0.9562562704086304,0.07776791602373123,-0.022858602926135063
873.0,-0.29239174723625183,-0.4778513014316559,1.2488740682601929,-2.0542044639587402,-1.3187671899795532,0.7004081606864929,1.4081095457077026,-0.17377592623233795,-0.06357413530349731,-0.26254913210868835,0.9462466239929199,0.182028666138649,-0.050506360828876495
874.0,-0.2730236053466797,-0.5000168085098267,1.3287129402160645,-2.2840263843536377,-1.4576302766799927,0.7720423340797424,1.3969566822052002,-0.1643444448709488,-0.05815648287534714,-0.2558492422103882,0.9633457064628601,0.07795926183462143,-0.020704735070466995
875.0,-0.2774386703968048,-0.5043531656265259,1.345295786857605,-2.314572811126709,-1.4666197299957275,0.8177271485328674,1.3907147645950317,-0.17037706077098846,-0.058419473469257355,-0.2325255423784256,0.9699873924255371,0.06914927065372467,-0.016576474532485008
876.0,-0.2819232940673828,-0.509482741355896,1.3505152463912964,-2.285834550857544,-1.4303243160247803,0.8353997468948364,1.3847426176071167,-0.16932111978530884,-0.0579906702041626,-0.21949481964111328,0.9710678458213806,0.09175614267587662,-0.020740050822496414
877.0,-0.33876705169677734,-0.4276670813560486,1.1363486051559448,-1.705098271369934,-1.084725022315979,0.6252402663230896,1.4085633754730225,-0.20676961541175842,-0.08153395354747772,-0.2130519598722458,0.9087103009223938,0.3494861125946045,-0.08193888515233994
878.0,-0.32388001680374146,-0.48853394389152527,1.283556342124939,-2.0326950550079346,-1.2108979225158691,0.794221043586731,1.3845545053482056,-0.19545133411884308,-0.06790566444396973,-0.18882375955581665,0.9521479606628418,0.2357419729232788,-0.04675080627202988
879.0,-0.31019327044487,-0.5146685242652893,1.3589787483215332,-2.2194299697875977,-1.3139711618423462,0.9081637859344482,1.369947075843811,-0.18689188361167908,-0.061460405588150024,-0.1607186645269394,0.973930835723877,0.15795199573040009,-0.02606533095240593
880.0,-0.28825801610946655,-0.5184258818626404,1.3861775398254395,-2.3559815883636475,-1.463037371635437,1.2811579704284668,1.371474266052246,-0.17970572412014008,-0.05849635601043701,0.0015340340323746204,0.9976993799209595,0.06331988424062729,-0.024171000346541405
881.0,-0.3034869134426117,-0.5277915000915527,1.400369644165039,-2.3107142448425293,-1.3785068988800049,0.9612324237823486,1.3581548929214478,-0.18379569053649902,-0.05894620716571808,-0.1451156735420227,0.9825547337532043,0.1150602176785469,-0.01699349470436573
882.0,-0.3809112310409546,-0.45889800786972046,1.2436137199401855,-1.7713733911514282,-0.9379063248634338,0.7298721671104431,1.3644124269485474,-0.2315758466720581,-0.0884217694401741,-0.120245561003685,0.9065608978271484,0.4010715186595917,-0.05319782346487045
883.0,-0.4040161371231079,-0.4514460265636444,1.2522460222244263,-1.6901103258132935,-0.8207497596740723,0.6988984942436218,1.3483566045761108,-0.2434786856174469,-0.09881006181240082,-0.08422371000051498,0.8814889192581177,0.4625266194343567,-0.044193074107170105
884.0,-0.2947353422641754,-0.5373537540435791,1.4363937377929688,-2.396085023880005,-1.4503957033157349,1.2740386724472046,1.347529649734497,-0.17965316772460938,-0.05735255032777786,0.0012094472767785192,0.997511625289917,0.06823848932981491,-0.017679722979664803
885.0,-0.303982675075531,-0.5423424243927002,1.454030990600586,-2.414292812347412,-1.4442168474197388,1.0748817920684814,1.3379448652267456,-0.18864724040031433,-0.05841423571109772,-0.09342514723539352,0.9930351972579956,0.07146905362606049,-0.006723836529999971
886.0,-0.30823373794555664,-0.5492133498191833,1.4740221500396729,-2.4318687915802,-1.4397027492523193,1.1165963411331177,1.3278712034225464,-0.19066017866134644,-0.05840463936328888,-0.07064337283372879,0.9948431849479675,0.0725959911942482,-0.005155008751899004
887.0,-0.31382396817207336,-0.5447856783866882,1.453253984451294,-2.372462511062622,-1.3676111698150635,1.0824275016784668,1.3344345092773438,-0.18903356790542603,-0.05885324627161026,-0.08119606226682663,0.9901168346405029,0.11396750062704086,-0.009346081875264645
888.0,-0.33338069915771484,-0.5471417307853699,1.4608502388000488,-2.3363254070281982,-1.2753632068634033,1.097043514251709,1.3249846696853638,-0.19859659671783447,-0.061728134751319885,-0.05830672010779381,0.9847317337989807,0.16373702883720398,-0.009694995358586311
889.0,-0.32555899024009705,-0.5579477548599243,1.4969452619552612,-2.417675018310547,-1.3355395793914795,1.1934627294540405,1.3136272430419922,-0.19333796203136444,-0.05942101776599884,-0.020276624709367752,0.9918439984321594,0.12580814957618713,-0.0025719408877193928
890.0,-0.3112834692001343,-0.5557422637939453,1.4943592548370361,-2.453495979309082,-1.438463807106018,1.1695784330368042,1.318050742149353,-0.1915392428636551,-0.05841870605945587,-0.042989712208509445,0.9964967966079712,0.07167062908411026,-0.0030919318087399006
891.0,-0.3161517381668091,-0.5655457973480225,1.5238250494003296,-2.480301856994629,-1.4312412738800049,1.2333117723464966,1.3032114505767822,-0.19224770367145538,-0.05838385969400406,-0.008937087841331959,0.9972313046455383,0.07381999492645264,-0.0006615673773922026
892.0,-0.31878453493118286,-0.5730147361755371,1.5477392673492432,-2.506044387817383,-1.436489224433899,1.249014973640442,1.291195034980774,-0.19272549450397491,-0.05846337974071503,-0.00017031024617608637,0.9975526928901672,0.06987810879945755,0.002431282540783286
893.0,-0.3331905007362366,-0.5646328330039978,1.5179301500320435,-2.429549217224121,-1.3110140562057495,1.2171525955200195,1.3021334409713745,-0.19602078199386597,-0.06006429344415665,-0.004008578136563301,0.9904791116714478,0.1376037299633026,-0.0005568974884226918
894.0,-0.33277133107185364,-0.5732216835021973,1.544013261795044,-2.462629795074463,-1.3279662132263184,1.252896785736084,1.2900772094726562,-0.19396021962165833,-0.0594930574297905,0.012155530042946339,0.9918017983436584,0.12719660997390747,0.0015589226968586445
895.0,-0.41998574137687683,-0.533816933631897,1.501278042793274,-2.1890909671783447,-0.8283209204673767,1.0768285989761353,1.2807679176330566,-0.2375498116016388,-0.08646760135889053,0.02902969717979431,0.9194161295890808,0.3920179605484009,0.012377596460282803
896.0,-0.43478891253471375,-0.49405649304389954,1.4073173999786377,-1.9010106325149536,-0.6959168910980225,0.8608920574188232,1.2979897260665894,-0.250637412071228,-0.10198846459388733,0.0016319947317242622,0.8761190176010132,0.4820912480354309,0.0008980176644399762
897.0,-0.4224875569343567,-0.4882291555404663,1.370928168296814,-1.8756067752838135,-0.7575234770774841,0.8392992615699768,1.3136922121047974,-0.2472928762435913,-0.09808211028575897,-0.02412489987909794,0.8872383236885071,0.46050989627838135,-0.01252172701060772
898.0,-0.4183374047279358,-0.46576428413391113,1.304277777671814,-1.7331480979919434,-0.7569833993911743,0.7361184358596802,1.3290990591049194,-0.24817438423633575,-0.1008080244064331,-0.050617557018995285,0.8747895359992981,0.4810473620891571,-0.027834631502628326
899.0,-0.42802828550338745,-0.49334263801574707,1.3802142143249512,-1.8450886011123657,-0.7116124629974365,0.8227383494377136,1.3074023723602295,-0.24711394309997559,-0.09433314949274063,-0.014133536256849766,0.8757596015930176,0.48247775435447693,-0.007786517031490803
900.0,-0.4376828372478485,-0.5106143355369568,1.4485626220703125,-1.9673621654510498,-0.6735606789588928,0.915040135383606,1.2865506410598755,-0.246972918510437,-0.09458878636360168,0.020804865285754204,0.8757014274597168,0.4822685420513153,0.011457707732915878
901.0,-0.4311721622943878,-0.5082380175590515,1.4150367975234985,-1.8960423469543457,-0.6907849907875061,0.864605724811554,1.2976763248443604,-0.24482691287994385,-0.0877508819103241,0.0021503933239728212,0.8753267526626587,0.4835256338119507,0.0011878653895109892
902.0,-0.4366011321544647,-0.5207178592681885,1.4610563516616821,-1.9801679849624634,-0.6663901805877686,0.9291926026344299,1.2838890552520752,-0.24345660209655762,-0.08637849986553192,0.025230180472135544,0.8751487731933594,0.48299500346183777,0.013924545608460903
903.0,-0.45221415162086487,-0.5437715649604797,1.6021023988723755,-2.30245041847229,-0.5983152389526367,1.1816587448120117,1.2390681505203247,-0.2367197573184967,-0.08625172823667526,0.10345938801765442,0.8694985508918762,0.4795956015586853,0.057065848261117935
904.0,-0.4501039385795593,-0.5349987745285034,1.5630706548690796,-2.2095448970794678,-0.6155317425727844,1.1051608324050903,1.2510716915130615,-0.2413470447063446,-0.09109616279602051,0.08214853703975677,0.871976912021637,0.48047780990600586,0.04526558890938759
905.0,-0.44566479325294495,-0.5200488567352295,1.5037922859191895,-2.081406354904175,-0.6446758508682251,1.0011587142944336,1.2688122987747192,-0.2466965615749359,-0.09717950224876404,0.05060814693570137,0.8745858073234558,0.48141714930534363,0.027857331559062004
906.0,-0.4569396376609802,-0.5345672965049744,1.61444091796875,-2.35103702545166,-0.5947364568710327,1.2138018608093262,1.232695460319519,-0.23965023458003998,-0.09679859131574631,0.1135232076048851,0.8687784075737,0.47794994711875916,0.06245368719100952
907.0,-0.4579233229160309,-0.5413121581077576,1.6560282707214355,-2.467817544937134,-0.5792676210403442,1.3123854398727417,1.2196240425109863,-0.23306293785572052,-0.09063909202814102,0.1385023295879364,0.8649061918258667,0.476377010345459,0.07628495246171951
908.0,-0.46175068616867065,-0.5344730615615845,1.7046949863433838,-2.6387104988098145,-0.568585991859436,1.4495583772659302,1.2002462148666382,-0.2275349497795105,-0.09453815221786499,0.17261719703674316,0.8590786457061768,0.4724158048629761,0.09492387622594833
909.0,-0.46215948462486267,-0.5270951390266418,1.7457630634307861,-2.805388927459717,-0.5661323070526123,1.5896642208099365,1.183242917060852,-0.2193746268749237,-0.09429504722356796,0.20504477620124817,0.852120041847229,0.468143492937088,0.11264888942241669
910.0,-0.46070900559425354,-0.5222181677818298,1.7716058492660522,-2.919970989227295,-0.5690863728523254,1.6890926361083984,1.1719599962234497,-0.21217432618141174,-0.0919785350561142,0.22714856266975403,0.8464600443840027,0.46511343121528625,0.1248137429356575
911.0,-0.4564155638217926,-0.43717077374458313,1.331162691116333,0.37093234062194824,0.6000521183013916,-1.2053583860397339,1.1425729990005493,-0.1952071338891983,-0.0978827029466629,0.2840423285961151,0.8297937512397766,0.4544878602027893,0.15557333827018738
912.0,-0.4514063000679016,-0.4704478085041046,1.3934924602508545,0.24623903632164001,0.6257336735725403,-1.088271141052246,1.1291230916976929,-0.18502691388130188,-0.0995054841041565,0.31175416707992554,0.8199790716171265,0.4487092196941376,0.17059822380542755
913.0,-0.4602641761302948,-0.40630051493644714,1.278454303741455,0.4760306775569916,0.5845859050750732,-1.3057442903518677,1.1534137725830078,-0.20386719703674316,-0.09922279417514801,0.26140379905700684,0.8371298909187317,0.4586601257324219,0.14322209358215332
914.0,-0.4633007347583771,-0.36636897921562195,1.2097681760787964,0.6145304441452026,0.5717818737030029,-1.4368157386779785,1.1680364608764648,-0.21377870440483093,-0.10008610785007477,0.23204080760478973,0.8455774784088135,0.46364614367485046,0.1272323727607727
915.0,-0.45365622639656067,-0.3479432463645935,1.154913306236267,0.7354987263679504,0.6561019420623779,-1.5350518226623535,1.1823701858520508,-0.21685001254081726,-0.09465368837118149,0.21127772331237793,0.8719265460968018,0.4292851686477661,0.10402067005634308
916.0,-0.4511866271495819,-0.3240480422973633,1.1042155027389526,0.8243627548217773,0.6770352721214294,-1.6140657663345337,1.1953626871109009,-0.22218596935272217,-0.0930389016866684,0.1897689700126648,0.8815056681632996,0.4226771891117096,0.09099318087100983
917.0,-0.4349645674228668,-0.28094053268432617,0.9929471015930176,0.9989596009254456,0.7804094552993774,-1.7667977809906006,1.225479006767273,-0.22686529159545898,-0.08604171872138977,0.13650737702846527,0.9108791351318359,0.38514095544815063,0.05771850794553757
918.0,-0.4289763867855072,-0.2421557903289795,0.9132184386253357,1.113532304763794,0.8065361380577087,-1.8748208284378052,1.2449612617492676,-0.23098215460777283,-0.08516795933246613,0.09731031209230423,0.9182918667793274,0.3816220760345459,0.040440041571855545
919.0,-0.4519278407096863,-0.15991531312465668,0.8373860120773315,1.3062865734100342,0.6251311898231506,-2.0661942958831787,1.254896640777588,-0.2466570883989334,-0.10198214650154114,0.07440659403800964,0.8731944561004639,0.4799197316169739,0.04089488834142685
920.0,-0.3168666660785675,-0.29583561420440674,0.8724424242973328,1.0257304906845093,1.4277814626693726,-1.7886534929275513,1.2775859832763672,-0.18426531553268433,-0.05729277431964874,0.05047725513577461,0.9960428476333618,0.07305509597063065,0.003702271031215787
921.0,-0.3232561945915222,-0.30905184149742126,0.9027547836303711,0.9995369911193848,1.4398393630981445,-1.8968757390975952,1.2673296928405762,-0.19133564829826355,-0.05854286998510361,-0.0006742523983120918,0.9977942705154419,0.06558135896921158,0.010258480906486511
922.0,-0.3245497941970825,-0.32583725452423096,0.9407026767730713,0.9716006517410278,1.4353772401809692,-1.8983174562454224,1.2556777000427246,-0.18841832876205444,-0.05849407613277435,-0.000952152069658041,0.9976776838302612,0.06659523397684097,0.014264396391808987
923.0,-0.32579562067985535,-0.35199350118637085,0.9995219707489014,0.9255247116088867,1.411482334136963,-1.5850213766098022,1.23812735080719,-0.18028362095355988,-0.05805879086256027,0.15475253760814667,0.9847428798675537,0.07861587405204773,0.012354500591754913
924.0,-0.36019662022590637,-0.3559891879558563,1.0329514741897583,0.9033393263816833,1.2126572132110596,-1.5979071855545044,1.227213740348816,-0.18962310254573822,-0.06274497509002686,0.16395628452301025,0.9702435731887817,0.17568272352218628,0.029687685891985893
925.0,-0.33052027225494385,-0.3766574263572693,1.0569462776184082,0.8779028058052063,1.3707143068313599,-1.5074580907821655,1.2203313112258911,-0.1737794280052185,-0.05822683870792389,0.19405944645404816,0.9758725166320801,0.09814714640378952,0.019517283886671066
926.0,-0.3261905312538147,-0.36824142932891846,1.0361392498016357,0.8960161209106445,1.4186277389526367,-1.5254229307174683,1.2257601022720337,-0.1777629405260086,-0.058321841061115265,0.18392255902290344,0.9799914360046387,0.07478222250938416,0.014034957624971867
927.0,-0.3246716260910034,-0.382085919380188,1.0671106576919556,0.8717477917671204,1.4411861896514893,-1.89780592918396,1.2144299745559692,-0.17563319206237793,-0.0585649311542511,-0.0016206186264753342,0.9978751540184021,0.0591108612716198,0.027358340099453926
928.0,-0.3230149447917938,-0.39507317543029785,1.0964421033859253,0.8478162884712219,1.4398219585418701,-1.8960500955581665,1.204667091369629,-0.17003609240055084,-0.05852620303630829,-0.0018240679055452347,0.9977968335151672,0.05859505012631416,0.031061479821801186
929.0,-0.319662868976593,-0.38998642563819885,1.0826640129089355,0.8561789989471436,1.4209424257278442,-1.4248604774475098,1.2116291522979736,-0.16507676243782043,-0.057364948093891144,0.22924214601516724,0.9704254269599915,0.07362115383148193,0.017391415312886238
930.0,-0.3563390076160431,-0.408115416765213,1.1406610012054443,0.7836244106292725,1.2235713005065918,-1.4114693403244019,1.1960258483886719,-0.1746959686279297,-0.062490515410900116,0.24649737775325775,0.9532566666603088,0.16919466853141785,0.04375111684203148
931.0,-0.35618090629577637,-0.4272250831127167,1.1821136474609375,0.7343363165855408,1.21503484249115,-1.3402529954910278,1.1837860345840454,-0.16862334311008453,-0.06298065185546875,0.2774662375450134,0.9434748888015747,0.17392897605895996,0.051150720566511154
932.0,-0.3599597215652466,-0.4485202431678772,1.2311174869537354,0.6660815477371216,1.1798259019851685,-1.259236216545105,1.1703485250473022,-0.16287656128406525,-0.06473127007484436,0.31141790747642517,0.9283567070960999,0.19237539172172546,0.06453245878219604
933.0,-0.31365349888801575,-0.4233377277851105,1.1573652029037476,0.7915176749229431,1.4316174983978271,-1.2552945613861084,1.1860361099243164,-0.15089023113250732,-0.05757389962673187,0.3070910573005676,0.948869526386261,0.06953630596399307,0.022504650056362152
934.0,-0.3196803629398346,-0.41452568769454956,1.140547752380371,0.8118427991867065,1.4459599256515503,-1.8922420740127563,1.189192771911621,-0.1616995483636856,-0.05856978893280029,-0.0019078805344179273,0.997916042804718,0.05401397496461868,0.035248368978500366
935.0,-0.3154429495334625,-0.430614173412323,1.1766527891159058,0.7799667119979858,1.4419162273406982,-1.8878450393676758,1.1771347522735596,-0.1518528163433075,-0.058469995856285095,-0.0022430801764130592,0.9976727366447449,0.05423673614859581,0.041260961443185806
936.0,-0.30955588817596436,-0.44868215918540955,1.2163411378860474,0.7409143447875977,1.4355828762054443,-1.1378555297851562,1.16435706615448,-0.13953711092472076,-0.05833211541175842,0.35981687903404236,0.9300588965415955,0.06930754333734512,0.026813382282853127
937.0,-0.332592248916626,-0.46286728978157043,1.2495688199996948,0.6685108542442322,1.2968298196792603,-1.1654345989227295,1.1613075733184814,-0.1443231850862503,-0.060669317841529846,0.3493298888206482,0.925261914730072,0.13831843435764313,0.05222172290086746
938.0,-0.30537161231040955,-0.4616980254650116,1.2427480220794678,0.7058784365653992,1.4101390838623047,-1.086945652961731,1.1582276821136475,-0.12847958505153656,-0.057851240038871765,0.3797673285007477,0.9206537008285522,0.08357671648263931,0.03447519242763519
939.0,-0.3033066391944885,-0.45859381556510925,1.240159511566162,0.7253656983375549,1.4545315504074097,-1.8747886419296265,1.154279351234436,-0.13187775015830994,-0.0585060641169548,-0.002197046298533678,0.9978012442588806,0.04588322341442108,0.04777815565466881
940.0,-0.29787564277648926,-0.47024545073509216,1.2645269632339478,0.6962333917617798,1.4457155466079712,-0.998015284538269,1.1473615169525146,-0.12185580283403397,-0.05832560360431671,0.4182705283164978,0.9052876830101013,0.06734812259674072,0.03111688420176506
941.0,-0.286025732755661,-0.48266905546188354,1.29484224319458,0.67666095495224,1.4695974588394165,-1.8566392660140991,1.1342788934707642,-0.10781937837600708,-0.05852293223142624,-0.0019809857476502657,0.9978817701339722,0.036942705512046814,0.05350960046052933
942.0,-0.29163551330566406,-0.47938668727874756,1.284143090248108,0.6747806072235107,1.447036623954773,-0.9328630566596985,1.1410987377166748,-0.11280336230993271,-0.05826172977685928,0.44438502192497253,0.8925430178642273,0.0686957910656929,0.0342026986181736
943.0,-0.3285320997238159,-0.4967011511325836,1.3229527473449707,0.5653998851776123,1.2723647356033325,-1.018771767616272,1.1406865119934082,-0.1285550445318222,-0.062321290373802185,0.40773582458496094,0.8966620564460754,0.15700754523277283,0.07139545679092407
944.0,-0.377146452665329,-0.5373858213424683,1.446899652481079,0.2931942939758301,1.0104453563690186,-0.9430691599845886,1.114287257194519,-0.13697634637355804,-0.07681208848953247,0.410617858171463,0.852383553981781,0.2917006015777588,0.1405206173658371
945.0,-0.3658493757247925,-0.5584020018577576,1.485995888710022,0.2236182987689972,1.0450328588485718,-0.8441940546035767,1.1053316593170166,-0.1252758651971817,-0.07685531675815582,0.4443776607513428,0.8351563215255737,0.28612077236175537,0.1522417813539505
946.0,-0.3994216322898865,-0.5962913036346436,1.6344913244247437,-0.21270358562469482,0.8305521011352539,-0.6311315298080444,1.0799493789672852,-0.12472374737262726,-0.09914329648017883,0.43562236428260803,0.7625727653503418,0.4152621626853943,0.23721995949745178
947.0,-0.3420584797859192,-0.6004258394241333,1.576226830482483,0.047939326614141464,1.0917454957962036,-0.6478379964828491,1.0850141048431396,-0.09746710956096649,-0.07996001094579697,0.5012538433074951,0.7922782301902771,0.2940066158771515,0.18601034581661224
948.0,-0.2872907817363739,-0.565420925617218,1.4638173580169678,0.34153643250465393,1.3170157670974731,-0.6311805844306946,1.1032681465148926,-0.07599180191755295,-0.06495547294616699,0.5462293028831482,0.8120149970054626,0.1705818921327591,0.11474766582250595
949.0,-0.2588461935520172,-0.4984866678714752,1.3251484632492065,0.6392954587936401,1.4840712547302246,-1.8286182880401611,1.126282811164856,-0.07647205144166946,-0.057212769985198975,-0.0017603860469534993,0.9976887106895447,0.028480011969804764,0.06166841462254524
950.0,-0.2735949158668518,-0.4901644289493561,1.3065296411514282,0.6544629335403442,1.4680511951446533,-0.7965474128723145,1.1334476470947266,-0.09288007766008377,-0.057489290833473206,0.4967743456363678,0.8649251461029053,0.06204795092344284,0.03563757613301277
951.0,-0.2714400887489319,-0.49635234475135803,1.3250747919082642,0.6463049054145813,1.478600025177002,-1.8415154218673706,1.1237536668777466,-0.08936609327793121,-0.05847246199846268,-0.0018461024155840278,0.9977933764457703,0.03154454007744789,0.05839453265070915
952.0,-0.2636759281158447,-0.5017009973526001,1.337855339050293,0.6365512013435364,1.4882389307022095,-1.8335697650909424,1.1184200048446655,-0.08055508881807327,-0.058532118797302246,-0.0015728366561233997,0.9979475140571594,0.027052275836467743,0.058021314442157745
953.0,-0.25559669733047485,-0.5064936280250549,1.3481439352035522,0.6251091957092285,1.4931089878082275,-1.8252917528152466,1.115010380744934,-0.07123927772045135,-0.05850106477737427,-0.001469678245484829,0.9978951215744019,0.024418987333774567,0.06005919724702835
954.0,-0.25020381808280945,-0.5118909478187561,1.354198932647705,0.6010532379150391,1.483791470527649,-0.5959323048591614,1.1170560121536255,-0.06417503952980042,-0.05792732536792755,0.5709673762321472,0.8173530101776123,0.0631309375166893,0.044100530445575714
955.0,-0.24087050557136536,-0.5135321617126465,1.3644294738769531,0.6107568144798279,1.5064243078231812,-1.8103686571121216,1.1085309982299805,-0.055103007704019547,-0.05854203552007675,-0.0011074536014348269,0.9979952573776245,0.01823960430920124,0.060595251619815826
956.0,-0.24836832284927368,-0.5325219035148621,1.3920220136642456,0.5209071636199951,1.454696536064148,-0.541201651096344,1.1112561225891113,-0.05601688101887703,-0.05869613587856293,0.5882514715194702,0.8010120987892151,0.08953443169593811,0.06575276702642441
957.0,-0.25182807445526123,-0.5646276473999023,1.457315444946289,0.3805271089076996,1.4033267498016357,-0.4978462755680084,1.1001490354537964,-0.04895352944731712,-0.062088221311569214,0.5962998867034912,0.7847056984901428,0.13479894399642944,0.10243403911590576
958.0,-0.24164818227291107,-0.58729487657547,1.5043703317642212,0.27579954266548157,1.4070838689804077,-0.3895506262779236,1.0918982028961182,-0.036198388785123825,-0.06479156017303467,0.6275280714035034,0.7514730095863342,0.15635955333709717,0.13057024776935577
959.0,-0.21704226732254028,-0.5562525987625122,1.438178539276123,0.4346075654029846,1.4797632694244385,-0.3364921808242798,1.1006990671157837,-0.022528525441884995,-0.059877946972846985,0.6532860994338989,0.7450758218765259,0.10110035538673401,0.08864527940750122
960.0,-0.22560283541679382,-0.5206801891326904,1.3770540952682495,0.5873710513114929,1.5116177797317505,-1.7946476936340332,1.1061666011810303,-0.03828708082437515,-0.05836611986160278,-0.001004579709842801,0.9975473284721375,0.014642459340393543,0.06843902915716171
961.0,-0.21400730311870575,-0.5231620669364929,1.3830039501190186,0.5828200578689575,1.5234724283218384,-1.7830616235733032,1.1034328937530518,-0.02665296569466591,-0.05841045081615448,-0.0006458164425566792,0.9976699948310852,0.0095380749553442,0.06755154579877853
962.0,-0.2017940729856491,-0.52395099401474,1.3850903511047363,0.5820119976997375,1.5338938236236572,-1.7709378004074097,1.1022440195083618,-0.014521721750497818,-0.058437444269657135,-0.0003522734041325748,0.9977948069572449,0.005312796216458082,0.06616036593914032
963.0,-0.19458994269371033,-0.5214762091636658,1.3733782768249512,0.5816606283187866,1.537265658378601,-1.7635377645492554,1.1098926067352295,-0.008603067137300968,-0.05721350014209747,-0.0002274655271321535,0.9975072145462036,0.003218847792595625,0.07049059122800827
964.0,-0.18640832602977753,-0.5272172093391418,1.389411211013794,0.5680923461914062,1.545386791229248,-0.17773135006427765,1.102255940437317,0.0006497229333035648,-0.0583229660987854,0.7077309489250183,0.7028723359107971,0.050261374562978745,0.05060881748795509
965.0,-0.18479959666728973,-0.5393999218940735,1.4050819873809814,0.5092735886573792,1.5418001413345337,-0.14511458575725555,1.1049245595932007,0.0024864268489181995,-0.05817615985870361,0.7164860963821411,0.6905677914619446,0.06857243925333023,0.07114610075950623
966.0,-0.20949387550354004,-0.6135467290878296,1.5600861310958862,0.14686201512813568,1.4572466611862183,-0.21562612056732178,1.0819205045700073,-0.006664083804935217,-0.06800995022058487,0.6743286848068237,0.697508692741394,0.17428100109100342,0.16848918795585632
967.0,-0.17708365619182587,-0.6739137768745422,1.7714272737503052,-0.4408617615699768,1.5212374925613403,-0.038163501769304276,1.0511565208435059,0.02384539321064949,-0.09462045133113861,0.6696450114250183,0.597021758556366,0.29397064447402954,0.3297300338745117
968.0,-0.22005173563957214,-0.6790010929107666,1.806944489479065,-0.5402740836143494,1.3926235437393188,-0.11752499639987946,1.0463520288467407,-5.2276765927672386e-05,-0.0975228026509285,0.6237773299217224,0.6194552183151245,0.33585527539253235,0.33819863200187683
969.0,-0.27511724829673767,-0.6690844893455505,1.7938467264175415,-0.5083367824554443,1.2307461500167847,-0.2320605367422104,1.047430396080017,-0.033333927392959595,-0.10051363706588745,0.5784862637519836,0.6617118120193481,0.3590867519378662,0.31392329931259155
970.0,-0.2567249834537506,-0.6768689751625061,1.7978053092956543,-0.5162393450737,1.2832694053649902,-0.19351786375045776,1.0487111806869507,-0.022255465388298035,-0.09515432268381119,0.5934701561927795,0.6483675837516785,0.3517668843269348,0.321982741355896
971.0,-0.16694140434265137,-0.6821298003196716,1.7941776514053345,-0.525051474571228,1.5502369403839111,-0.013674598187208176,1.051592469215393,0.029846999794244766,-0.091689333319664,0.6659620404243469,0.5773797631263733,0.3094303011894226,0.35690343379974365
972.0,-0.1418469101190567,-0.6831898093223572,1.7814675569534302,-0.5072514414787292,1.6258612871170044,0.036915507167577744,1.0561329126358032,0.04363872855901718,-0.08652329444885254,0.6851940155029297,0.5556021332740784,0.2966323792934418,0.36582067608833313
973.0,-0.11676401644945145,-0.6763596534729004,1.7655284404754639,-0.485626757144928,1.6976631879806519,0.08700095862150192,1.0594161748886108,0.058454155921936035,-0.0879562646150589,0.7036692500114441,0.5351170301437378,0.2829497754573822,0.3720738887786865
974.0,-0.11109258979558945,-0.6680588722229004,1.764614224433899,-0.4867165982723236,1.7089813947677612,0.09594454616308212,1.0570008754730225,0.06295030564069748,-0.09611827880144119,0.7069501280784607,0.5327845811843872,0.27995261549949646,0.37146827578544617
975.0,-0.13647319376468658,-0.6716442704200745,1.7824338674545288,-0.512042224407196,1.6349648237228394,0.04372421279549599,1.0520658493041992,0.048422329127788544,-0.09862539172172546,0.6881909370422363,0.5546326041221619,0.2935062348842621,0.3641839623451233
976.0,-0.07990425080060959,-0.6570309996604919,1.7381178140640259,-0.4500764310359955,1.7980215549468994,0.16313733160495758,1.0626115798950195,0.08168384432792664,-0.09758786857128143,0.7293476462364197,0.5054206848144531,0.2626270651817322,0.37898415327072144
977.0,-0.12861068546772003,-0.5604366064071655,1.4393894672393799,0.3893928527832031,1.6263360977172852,0.1760650873184204,1.1045218706130981,0.0511954165995121,-0.0611678883433342,0.7991870045661926,0.5812649130821228,0.09003689885139465,0.12379264831542969
978.0,-0.1454763114452362,-0.5441364645957947,1.4099549055099487,0.47462955117225647,1.5948667526245117,0.10227283090353012,1.1069293022155762,0.03721480071544647,-0.0590088814496994,0.7846223711967468,0.6091142892837524,0.07084636390209198,0.09125979244709015
979.0,-0.15911318361759186,-0.5872403383255005,1.4966480731964111,0.27880099415779114,1.5734840631484985,0.006678831297904253,1.0931915044784546,0.027727361768484116,-0.0637558102607727,0.7494702935218811,0.6341478824615479,0.12281317263841629,0.14514726400375366
980.0,-0.17140668630599976,-0.5565804839134216,1.4357318878173828,0.43109437823295593,1.5606136322021484,-0.03817383944988251,1.1011773347854614,0.014964187517762184,-0.059682831168174744,0.7457857728004456,0.653377890586853,0.0856684073805809,0.09778458625078201
981.0,-0.16791625320911407,-0.5224427580833435,1.3803825378417969,0.5843565464019775,1.5624083280563354,-1.7373297214508057,1.103908896446228,0.01805379055440426,-0.05825871229171753,0.0004207399033475667,0.9979278445243835,-0.006559799890965223,0.06400623917579651
982.0,-0.1462016999721527,-0.51519376039505,1.365896224975586,0.6061614751815796,1.5778207778930664,-1.7160838842391968,1.1074254512786865,0.039000917226076126,-0.05819135904312134,0.0006563090137206018,0.9983715415000916,-0.011737988330423832,0.055822186172008514
983.0,-0.13583435118198395,-0.5137235522270203,1.357888102531433,0.600420355796814,1.5881010293960571,-1.705622911453247,1.112996220588684,0.04805401712656021,-0.05783709138631821,0.0010484998347237706,0.9979718327522278,-0.017064182087779045,0.06131986528635025
984.0,-0.11896660178899765,-0.5028238892555237,1.3392211198806763,0.6376371383666992,1.5935521125793457,-1.6892728805541992,1.1156507730484009,0.06554000824689865,-0.058094851672649384,0.0007949802675284445,0.9987650513648987,-0.017012111842632294,0.04667254164814949
985.0,-0.11981584131717682,-0.5209707021713257,1.3635348081588745,0.5532088279724121,1.6196515560150146,0.2694531977176666,1.1178210973739624,0.060284387320280075,-0.05803065747022629,0.8282797932624817,0.5529255270957947,0.05035712942481041,0.07543472945690155
986.0,-0.10978119820356369,-0.513574481010437,1.3477835655212402,0.5732961297035217,1.6273704767227173,0.33059874176979065,1.1225687265396118,0.06970532983541489,-0.0579012855887413,0.842562735080719,0.5316460728645325,0.046030476689338684,0.07294996827840805
987.0,-0.10808105766773224,-0.49776938557624817,1.323088526725769,0.6400001645088196,1.606153964996338,-1.6783912181854248,1.1241294145584106,0.07472076267004013,-0.05766427516937256,0.0011745941592380404,0.9984534382820129,-0.023223474621772766,0.05049966648221016
988.0,-0.05897892639040947,-0.6190351247787476,1.587480902671814,-0.05499472841620445,1.828989863395691,0.31947246193885803,1.0876116752624512,0.09766273200511932,-0.07941092550754547,0.8000116348266602,0.4926156997680664,0.17958685755729675,0.2916504442691803
989.0,-0.03073905035853386,-0.6202147603034973,1.6136690378189087,-0.1795407384634018,1.9275939464569092,0.3541909158229828,1.0866596698760986,0.11376293003559113,-0.087779700756073,0.7950315475463867,0.45664238929748535,0.19885195791721344,0.3462086617946625
990.0,0.006494300905615091,-0.6072114706039429,1.6104388236999512,-0.2648675739765167,2.0574331283569336,0.40238475799560547,1.0924359560012817,0.1359381377696991,-0.0959208756685257,0.7928547263145447,0.4109148681163788,0.20708094537258148,0.3995599150657654
991.0,-0.05624942108988762,-0.5133770704269409,1.3367106914520264,0.5032521486282349,1.7349907159805298,0.5805615186691284,1.1365667581558228,0.11205819994211197,-0.0610184520483017,0.8877896070480347,0.4364270865917206,0.06447801738977432,0.1311626136302948
992.0,-0.07930199801921844,-0.49475619196891785,1.3049107789993286,0.610930323600769,1.6584298610687256,0.5257534384727478,1.1377098560333252,0.09767428040504456,-0.058021947741508484,0.8838589191436768,0.4596773386001587,0.03993288800120354,0.07678218930959702
993.0,-0.09621823579072952,-0.4893079698085785,1.3002291917800903,0.651669979095459,1.6242777109146118,-1.66664457321167,1.1344060897827148,0.08415881544351578,-0.05717933923006058,0.001630527782253921,0.99817955493927,-0.03175865113735199,0.05124776065349579
994.0,-0.08997791260480881,-0.48352041840553284,1.2941197156906128,0.6779325604438782,1.6097230911254883,-1.6605650186538696,1.132206916809082,0.09363770484924316,-0.057797908782958984,0.0009048148640431464,0.9989648461341858,-0.023057175800204277,0.03920159861445427
995.0,-0.07953432947397232,-0.4716937839984894,1.2642844915390015,0.6983500123023987,1.6189242601394653,-1.6501940488815308,1.1447192430496216,0.10295366495847702,-0.05730998516082764,0.0010287273908033967,0.9989136457443237,-0.027134371921420097,0.03787114843726158
996.0,-0.07342495024204254,-0.4690287709236145,1.2622379064559937,0.7104721069335938,1.6125948429107666,-1.6441354751586914,1.1427600383758545,0.11101978272199631,-0.057837896049022675,0.0007440234767273068,0.9992187023162842,-0.023289063945412636,0.03192237392067909
997.0,-0.04784825071692467,-0.49420273303985596,1.2972157001495361,0.5651009678840637,1.738566279411316,0.6823513507843018,1.1466343402862549,0.12052878737449646,-0.06017834693193436,0.9085480570793152,0.39677318930625916,0.052352022379636765,0.11987786740064621
998.0,-0.06508467346429825,-0.4596341550350189,1.2400922775268555,0.7284758687019348,1.6161677837371826,-1.6358354091644287,1.1510813236236572,0.11938948929309845,-0.05771105736494064,0.0007242835126817226,0.9992644786834717,-0.02463514916598797,0.02937878668308258
999.0,-0.05548249930143356,-0.448231965303421,1.214249610900879,0.7514530420303345,1.6165881156921387,-1.6262656450271606,1.1601299047470093,0.1298026442527771,-0.057728901505470276,0.0006169279222376645,0.9993826746940613,-0.024328378960490227,0.025342712178826332
1000.0,-0.0540589913725853,-0.4392836391925812,1.1910250186920166,0.7648858428001404,1.6233999729156494,-1.624859094619751,1.1704760789871216,0.12983271479606628,-0.057222314178943634,0.0007103009847924113,0.999287486076355,-0.027713574469089508,0.025611814111471176
1001.0,-0.04952375590801239,-0.4657471179962158,1.2399942874908447,0.6697357296943665,1.6906449794769287,0.753288984298706,1.1601455211639404,0.1252738982439041,-0.058185361325740814,0.9250742793083191,0.3696822226047516,0.03229305520653725,0.08080851286649704
1002.0,0.03179707005620003,-0.5816203951835632,1.5468796491622925,-0.1692616045475006,2.139932155609131,0.5031896829605103,1.1078331470489502,0.15314438939094543,-0.09358887374401093,0.81315016746521,0.3738294839859009,0.18635284900665283,0.4053528904914856
1003.0,0.046541329473257065,-0.5615230798721313,1.5055906772613525,-0.10709599405527115,2.1854536533355713,0.5689260959625244,1.1167134046554565,0.16415080428123474,-0.09521560370922089,0.8245536088943481,0.35136914253234863,0.17384400963783264,0.407957524061203
1004.0,0.05972372367978096,-0.5405949354171753,1.4560633897781372,-0.030685216188430786,2.232386589050293,0.6437986493110657,1.128656268119812,0.17387986183166504,-0.09293686598539352,0.8362047672271729,0.32561227679252625,0.16012462973594666,0.41121596097946167
1005.0,0.07579315453767776,-0.5083265900611877,1.3852258920669556,0.07958345860242844,2.2900679111480713,0.7513090372085571,1.144931674003601,0.18657204508781433,-0.09102112054824829,0.8503643274307251,0.29026368260383606,0.14177997410297394,0.4153624176979065
1006.0,0.016061050817370415,-0.49941807985305786,1.315751314163208,0.40159711241722107,1.972884178161621,0.8157471418380737,1.1529805660247803,0.15915396809577942,-0.07013240456581116,0.9070138335227966,0.33030155301094055,0.08937863260507584,0.24543525278568268
1007.0,-0.04976556822657585,-0.42771944403648376,1.1655504703521729,0.7905217409133911,1.6188910007476807,-1.620579719543457,1.1790955066680908,0.13509495556354523,-0.05707244575023651,0.0005013581248931587,0.9994857907295227,-0.02506534568965435,0.019991757348179817
1008.0,-0.040376126766204834,-0.4247279465198517,1.159769892692566,0.7951889634132385,1.6178157329559326,-1.6111869812011719,1.1799099445343018,0.1462395191192627,-0.05763565003871918,0.00046950875548645854,0.9995180368423462,-0.02430211380124092,0.01931035704910755
1009.0,-0.03707100823521614,-0.40983816981315613,1.1243637800216675,0.8213692307472229,1.619462490081787,-1.6078909635543823,1.1936073303222656,0.14935830235481262,-0.057296186685562134,0.0004127438587602228,0.9995517730712891,-0.024956999346613884,0.01653078757226467
1010.0,-0.03189174830913544,-0.3998411297798157,1.101446270942688,0.8390320539474487,1.61789071559906,-1.6027103662490845,1.2015836238861084,0.15550097823143005,-0.0573454350233078,0.0003438842250034213,0.999609112739563,-0.024011235684156418,0.014316204935312271
1011.0,-0.03593125939369202,-0.42047402262687683,1.14360773563385,0.7846090197563171,1.6651999950408936,-1.6068241596221924,1.1898783445358276,0.14380332827568054,-0.05739091336727142,0.00143908872269094,0.9983900189399719,-0.048262983560562134,0.029769646003842354
1012.0,0.0662001222372055,-0.47938433289527893,1.3060840368270874,0.2935989797115326,2.202627658843994,0.8846293687820435,1.1593670845031738,0.186970517039299,-0.08367264270782471,0.8872066140174866,0.2758326828479767,0.10979881137609482,0.3531642258167267
1013.0,0.01260304544121027,-0.4435177743434906,1.1897464990615845,0.6197003722190857,1.8942058086395264,0.9917455911636353,1.1854355335235596,0.16691625118255615,-0.064143605530262,0.9439331889152527,0.2704715430736542,0.052143607288599014,0.18197877705097198
1014.0,-0.008915753103792667,-0.413126677274704,1.1219600439071655,0.7567580938339233,1.7623374462127686,1.0643706321716309,1.2016220092773438,0.16091877222061157,-0.05934378504753113,0.9646816253662109,0.23985731601715088,0.026275260373950005,0.10567640513181686
1015.0,-0.02551840804517269,-0.3862694501876831,1.0702115297317505,0.8620811700820923,1.6161301136016846,-1.5963338613510132,1.2124192714691162,0.16312485933303833,-0.057425811886787415,0.00027117045829072595,0.9996664524078369,-0.02297188527882099,0.011800510808825493
1016.0,-0.025786710903048515,-0.3752184212207794,1.0442168712615967,0.880991518497467,1.6152458190917969,-1.596603512763977,1.222194790840149,0.16268488764762878,-0.05716656148433685,0.00022093037841841578,0.9996989369392395,-0.0224826168268919,0.009823761880397797
1017.0,-0.02717539854347706,-0.38485029339790344,1.0642609596252441,0.8574132919311523,1.6449605226516724,-1.5980327129364014,1.2165577411651611,0.15656839311122894,-0.05715293437242508,0.0005992214428260922,0.9991683959960938,-0.03751624748110771,0.015959035605192184
1018.0,-0.008580266498029232,-0.38272249698638916,1.0554550886154175,0.8330054879188538,1.7253304719924927,1.1703884601593018,1.2219924926757812,0.16677141189575195,-0.05835510045289993,0.9779151082038879,0.19151701033115387,0.016083888709545135,0.08212679624557495
1019.0,-0.01909773238003254,-0.36924028396606445,1.0307650566101074,0.8897768259048462,1.614950180053711,-1.589909315109253,1.2261087894439697,0.1708059459924698,-0.057479262351989746,0.00020751870761159807,0.9997088313102722,-0.02225622721016407,0.009321358986198902
1020.0,-0.023513346910476685,-0.35148730874061584,0.9895049333572388,0.9207732081413269,1.6060642004013062,-1.5943228006362915,1.2414660453796387,0.1664169579744339,-0.057040244340896606,9.926504571922123e-05,0.9998266100883484,-0.017768997699022293,0.0055854483507573605
1021.0,2.7354251869837753e-05,-0.36236876249313354,1.012118935585022,0.8690012097358704,1.7525520324707031,1.2902108430862427,1.2350435256958008,0.17314302921295166,-0.05882376432418823,0.9860835671424866,0.1368841528892517,0.012972903437912464,0.09345396608114243
1022.0,0.08881358057260513,-0.37986040115356445,1.1036916971206665,0.5965762734413147,2.2585108280181885,1.187784194946289,1.2078032493591309,0.21101459860801697,-0.08164824545383453,0.9180588126182556,0.17739664018154144,0.06726354360580444,0.3481006324291229
1023.0,0.08567779511213303,-0.42437392473220825,1.199180006980896,0.44017648696899414,2.270383596420288,1.0473442077636719,1.184945821762085,0.20379285514354706,-0.08470755815505981,0.9002495408058167,0.21941496431827545,0.08904501050710678,0.36534759402275085
1024.0,0.09254120290279388,-0.460573673248291,1.2891203165054321,0.23040519654750824,2.347590923309326,0.8951990008354187,1.166125774383545,0.2014589011669159,-0.0915505439043045,0.8660633563995361,0.24661248922348022,0.11909694224596024,0.41824930906295776
1025.0,0.10687176138162613,-0.39425283670425415,1.1533509492874146,0.4465317726135254,2.406287670135498,1.0948208570480347,1.196524739265442,0.21542759239673615,-0.08769892156124115,0.8820801377296448,0.18768613040447235,0.08992721885442734,0.4226365387439728
1026.0,0.10078740119934082,-0.4239647686481476,1.2081351280212402,0.36055707931518555,2.388056755065918,1.0140972137451172,1.1851669549942017,0.20878028869628906,-0.08570282906293869,0.8760131597518921,0.21006236970424652,0.10123339295387268,0.42216888070106506
1027.0,0.09481251239776611,-0.4478747546672821,1.2443931102752686,0.30503273010253906,2.3790693283081055,0.9592817425727844,1.1787819862365723,0.2019292414188385,-0.07847625017166138,0.8706788420677185,0.22351939976215363,0.10894329100847244,0.4243687093257904
1028.0,0.08679808676242828,-0.4780829846858978,1.3118764162063599,0.19627372920513153,2.340665340423584,0.85901939868927,1.16300630569458,0.195155531167984,-0.08368854224681854,0.8618863224983215,0.2548244297504425,0.12430506944656372,0.42043396830558777
1029.0,0.07621000707149506,-0.508187472820282,1.370558261871338,0.1044192761182785,2.3058018684387207,0.7711092829704285,1.1502869129180908,0.18564516305923462,-0.08230595290660858,0.8522223830223083,0.2810758948326111,0.1382121592760086,0.4190593957901001
1030.0,0.06557605415582657,-0.5330452919006348,1.4205628633499146,0.025889839977025986,2.268768310546875,0.6942722797393799,1.1394600868225098,0.17688468098640442,-0.08169889450073242,0.8426418304443359,0.30527377128601074,0.15109111368656158,0.417054146528244
1031.0,0.05658608675003052,-0.5524352788925171,1.448104977607727,-0.015400608070194721,2.2493109703063965,0.6496463418006897,1.135197401046753,0.1686275601387024,-0.07426831126213074,0.8363062143325806,0.31728723645210266,0.15860441327095032,0.41804975271224976
1032.0,0.06833773106336594,-0.5299525856971741,1.396073818206787,0.06511685997247696,2.294401168823242,0.7273057699203491,1.1475529670715332,0.17761415243148804,-0.0709637925028801,0.8461518287658691,0.2909995913505554,0.14520250260829926,0.42221149802207947
1033.0,0.0803927406668663,-0.4967414140701294,1.3223183155059814,0.18296164274215698,2.346813201904297,0.8382169008255005,1.1646455526351929,0.1870541274547577,-0.06654693186283112,0.8583623170852661,0.25521010160446167,0.12683972716331482,0.4266071319580078
1034.0,0.0936891958117485,-0.44937124848365784,1.2351164817810059,0.3215320408344269,2.389526844024658,0.9705832600593567,1.1826398372650146,0.19983287155628204,-0.07020565122365952,0.8707320094108582,0.2176211029291153,0.10692571848630905,0.4278244376182556
1035.0,0.08621815592050552,-0.4791351556777954,1.2978397607803345,0.22040024399757385,2.3561747074127197,0.8769372701644897,1.1684671640396118,0.19323164224624634,-0.07325946539640427,0.862703800201416,0.24595513939857483,0.12114868313074112,0.42493700981140137
1036.0,0.10219772160053253,-0.4094194769859314,1.1634403467178345,0.43517011404037476,2.414536714553833,1.077921986579895,1.1972203254699707,0.20894768834114075,-0.073914535343647,0.8791752457618713,0.18836592137813568,0.09169460088014603,0.4279734790325165
1037.0,0.10720622539520264,-0.38078826665878296,1.1139699220657349,0.5132848024368286,2.4265756607055664,1.15189790725708,1.2068979740142822,0.21486367285251617,-0.07766300439834595,0.8844400644302368,0.1687902957201004,0.08155643939971924,0.42734551429748535
1038.0,0.11160027235746384,-0.348858505487442,1.0580819845199585,0.6002124547958374,2.4361677169799805,1.2329388856887817,1.2180382013320923,0.22054925560951233,-0.08141501247882843,0.8896447420120239,0.14731481671333313,0.07061222195625305,0.4264322817325592
1039.0,0.11399081349372864,-0.30057021975517273,0.958064615726471,0.7609543204307556,2.4587440490722656,1.3754074573516846,1.2400527000427246,0.22379851341247559,-0.0742381364107132,0.8947177529335022,0.10643593966960907,0.051239483058452606,0.43072736263275146
1040.0,0.1078384518623352,-0.3640751838684082,1.0731602907180786,0.5818061232566833,2.4429051876068115,1.2116605043411255,1.2167906761169434,0.21506643295288086,-0.0706341490149498,0.8868398666381836,0.15035061538219452,0.07303328067064285,0.430785208940506
1041.0,0.11294614523649216,-0.281246542930603,0.9131386280059814,0.8360410928726196,2.4696390628814697,1.439651370048523,1.2504132986068726,0.22259129583835602,-0.06677577644586563,0.8955358862876892,0.08734042197465897,0.042354095727205276,0.43427330255508423
1042.0,0.10921882838010788,-0.3357030153274536,1.0101605653762817,0.6847591996192932,2.4624290466308594,1.3014538288116455,1.2313803434371948,0.21645183861255646,-0.0629974976181984,0.8897572159767151,0.12409542500972748,0.06067410856485367,0.4350299537181854
1043.0,0.10364148020744324,-0.3908669948577881,1.115620732307434,0.5148033499717712,2.4374117851257324,1.146910548210144,1.209186315536499,0.20962393283843994,-0.064650759100914,0.882251501083374,0.16655510663986206,0.08168472349643707,0.432688444852829
1044.0,0.09184116125106812,-0.4538019597530365,1.230731725692749,0.32998204231262207,2.398190975189209,0.97389817237854,1.1855591535568237,0.19696912169456482,-0.06136670708656311,0.8699991703033447,0.2138645499944687,0.10605049878358841,0.4314124286174774
1045.0,0.09906421601772308,-0.4142617881298065,1.1506190299987793,0.46024438738822937,2.4324941635131836,1.093308687210083,1.2031768560409546,0.20389071106910706,-0.05787060409784317,0.87800133228302,0.17933090031147003,0.08881113678216934,0.4348180294036865
1046.0,0.09083031862974167,-0.45409780740737915,1.218580961227417,0.3508562445640564,2.410118579864502,0.9886998534202576,1.190075397491455,0.19492125511169434,-0.05259457230567932,0.8701348900794983,0.2068880796432495,0.1034642830491066,0.435152530670166
1047.0,0.08253946155309677,-0.48868006467819214,1.2866500616073608,0.24100537598133087,2.376399040222168,0.8865190148353577,1.1753203868865967,0.1872490793466568,-0.053630322217941284,0.8617215752601624,0.2365160435438156,0.11881068348884583,0.43287429213523865
1048.0,0.07127793878316879,-0.5240232348442078,1.3537163734436035,0.1335548460483551,2.334975004196167,0.7829965353012085,1.1613916158676147,0.17739495635032654,-0.05236275494098663,0.8514190912246704,0.26732829213142395,0.13517501950263977,0.4305216372013092
1049.0,0.044072721153497696,-0.5827995538711548,1.4747164249420166,-0.056145817041397095,2.23384690284729,0.5977802276611328,1.1348720788955688,0.15617701411247253,-0.0534539595246315,0.8276836276054382,0.32750314474105835,0.16767354309558868,0.42375364899635315
1050.0,0.02963278815150261,-0.6043413877487183,1.5208154916763306,-0.12600645422935486,2.1838150024414062,0.5264829397201538,1.1245763301849365,0.1456085592508316,-0.0538497120141983,0.8163509964942932,0.35243430733680725,0.18135817348957062,0.4200837314128876
1051.0,0.05728228762745857,-0.5562824606895447,1.425557255744934,0.020841017365455627,2.277583122253418,0.6759172677993774,1.1447031497955322,0.16660718619823456,-0.05660074204206467,0.838988721370697,0.3026362359523773,0.15344750881195068,0.4253975450992584
1052.0,0.0714707002043724,-0.5230069756507874,1.3661779165267944,0.11328268051147461,2.3213002681732178,0.7685371041297913,1.156484603881836,0.17880716919898987,-0.06133962422609329,0.8504602909088135,0.274822860956192,0.13792210817337036,0.42681047320365906
1053.0,0.05859628692269325,-0.5514437556266785,1.4292197227478027,0.014771820046007633,2.2706191539764404,0.6743376851081848,1.141855239868164,0.1687779724597931,-0.06454505026340485,0.839210033416748,0.30586251616477966,0.153969869017601,0.42245471477508545
1054.0,0.037778858095407486,-0.5897928476333618,1.503635287284851,-0.10075072199106216,2.2013282775878906,0.557280957698822,1.1263647079467773,0.15268024802207947,-0.06130398064851761,0.8215963244438171,0.3440166413784027,0.17556622624397278,0.4192952811717987
1055.0,0.015287715010344982,-0.619417667388916,1.5649340152740479,-0.19264639914035797,2.126918077468872,0.45933738350868225,1.1131335496902466,0.13657817244529724,-0.05993413180112839,0.8042327761650085,0.3788946270942688,0.19514355063438416,0.4142070710659027
1056.0,-0.006312100682407618,-0.6425744891166687,1.6110150814056396,-0.2601223886013031,2.0593743324279785,0.38228699564933777,1.1035791635513306,0.12161266803741455,-0.05720842629671097,0.7882552742958069,0.4072776734828949,0.21174150705337524,0.40980976819992065
1057.0,-0.027644015848636627,-0.6593993306159973,1.6516577005386353,-0.3198222815990448,1.9883058071136475,0.31229346990585327,1.0942678451538086,0.1082288920879364,-0.058193936944007874,0.7715126276016235,0.4352726638317108,0.22800232470035553,0.4041298031806946
1058.0,-0.06535914540290833,-0.6759005784988403,1.7078436613082886,-0.40035468339920044,1.8657275438308716,0.20952187478542328,1.0794304609298706,0.08583183586597443,-0.06561309099197388,0.7434212565422058,0.47936615347862244,0.2527533173561096,0.39198049902915955
1059.0,-0.03509240970015526,-0.6567164659500122,1.6704000234603882,-0.34844669699668884,1.9543004035949707,0.2855285108089447,1.0866093635559082,0.10520607233047485,-0.06959709525108337,0.7646217942237854,0.44895192980766296,0.23411639034748077,0.39872974157333374
1060.0,-0.002920164493843913,-0.6341099143028259,1.6103100776672363,-0.2601625621318817,2.0603058338165283,0.38833189010620117,1.1011669635772705,0.12523417174816132,-0.0662018358707428,0.7896371483802795,0.40759143233299255,0.21036283671855927,0.40754127502441406
1061.0,0.015224223956465721,-0.6143171191215515,1.5716670751571655,-0.20325934886932373,2.1163530349731445,0.4535005986690521,1.1090141534805298,0.1378338485956192,-0.06909410655498505,0.80327969789505,0.3838803470134735,0.19635574519634247,0.41087961196899414
1062.0,0.034690529108047485,-0.5899778604507446,1.5200732946395874,-0.1260240226984024,2.1797800064086914,0.5358532071113586,1.1203606128692627,0.1516844928264618,-0.06998172402381897,0.8183620572090149,0.3544612228870392,0.17979727685451508,0.4151068329811096
1063.0,0.009924025274813175,-0.6151095628738403,1.5907539129257202,-0.23278303444385529,2.0888376235961914,0.4267953932285309,1.102233648300171,0.13553890585899353,-0.07769867777824402,0.7979319095611572,0.39639487862586975,0.20201550424098969,0.4066516160964966
1064.0,0.030728589743375778,-0.5904600024223328,1.5386234521865845,-0.15478847920894623,2.154923677444458,0.5107475519180298,1.1136717796325684,0.15019500255584717,-0.07922293990850449,0.8142513036727905,0.36642876267433167,0.18477316200733185,0.4105894863605499
1065.0,0.047130368649959564,-0.5676277875900269,1.4879744052886963,-0.07759109139442444,2.21049427986145,0.5900884866714478,1.1251511573791504,0.16207927465438843,-0.07857506722211838,0.8275221586227417,0.33859798312187195,0.16959451138973236,0.41448333859443665
1066.0,0.048893678933382034,-0.5608528256416321,1.4905271530151367,-0.08258861303329468,2.2036499977111816,0.5898378491401672,1.1220768690109253,0.16477705538272858,-0.08791063725948334,0.8278069496154785,0.3418387770652771,0.16978730261325836,0.41116201877593994
1067.0,0.014533190056681633,-0.6050125360488892,1.5852711200714111,-0.22547124326229095,2.0943260192871094,0.4395517408847809,1.1010187864303589,0.13987477123737335,-0.08630000054836273,0.8007416725158691,0.3943304121494293,0.19920657575130463,0.4045161306858063
1068.0,-0.0041550928726792336,-0.6228356957435608,1.6246495246887207,-0.28379443287849426,2.035738706588745,0.37331652641296387,1.0923508405685425,0.12727861106395721,-0.08546101301908493,0.7864294648170471,0.41899558901786804,0.2134002298116684,0.4005393385887146
1069.0,-0.030592964962124825,-0.6376991868019104,1.6738464832305908,-0.35658714175224304,1.9489860534667969,0.28991538286209106,1.0792210102081299,0.11106701195240021,-0.09154676645994186,0.7660624384880066,0.4529559910297394,0.23211218416690826,0.3925600051879883
1070.0,-0.06675097346305847,-0.6584869027137756,1.7200751304626465,-0.42225784063339233,1.843253254890442,0.19746838510036469,1.0694870948791504,0.08833852410316467,-0.08898057043552399,0.7400081753730774,0.4896044135093689,0.25446441769599915,0.38460803031921387
1071.0,-0.04551587626338005,-0.6514414548873901,1.6925256252288818,-0.3824841380119324,1.9093924760818481,0.2516021430492401,1.076983094215393,0.10084874927997589,-0.08492804318666458,0.755605936050415,0.4665730595588684,0.24154813587665558,0.3911825120449066
1072.0,-0.022659404203295708,-0.6424548029899597,1.652877926826477,-0.3232573866844177,1.9877463579177856,0.3208330571651459,1.0883166790008545,0.11388330161571503,-0.07711295038461685,0.7740055918693542,0.43694037199020386,0.22527672350406647,0.39906004071235657
1073.0,-0.050456415861845016,-0.6595349907875061,1.695216417312622,-0.3847859501838684,1.9009782075881958,0.24208545684814453,1.0786634683609009,0.09669426083564758,-0.07751500606536865,0.7529411911964417,0.4686841368675232,0.24412916600704193,0.3921934962272644
1074.0,-0.06864605844020844,-0.6709760427474976,1.7154265642166138,-0.412409245967865,1.8499723672866821,0.199106827378273,1.0751312971115112,0.08493499457836151,-0.07397713512182236,0.7404311299324036,0.48551133275032043,0.25487083196640015,0.38869184255599976
1075.0,-0.1254960298538208,-0.687938392162323,1.767075538635254,-0.4846493899822235,1.6793251037597656,0.07309915125370026,1.0626356601715088,0.051686547696590424,-0.07664509117603302,0.6984608173370361,0.5390241742134094,0.2876063883304596,0.3726767897605896
1076.0,-0.18892808258533478,-0.6948081254959106,1.795599102973938,-0.5215409398078918,1.4910650253295898,-0.05204971879720688,1.0553723573684692,0.015357337892055511,-0.07900770008563995,0.6500648856163025,0.5918145179748535,0.3208637833595276,0.3524453639984131
1077.0,-0.16681168973445892,-0.6902995109558105,1.7905917167663574,-0.5172369480133057,1.554136037826538,-0.0109872380271554,1.0554968118667603,0.028715360909700394,-0.08224861323833466,0.6665924191474915,0.575243353843689,0.3097277879714966,0.35891276597976685
1078.0,-0.18981222808361053,-0.6874412298202515,1.798977017402649,-0.5287232995033264,1.4855495691299438,-0.056067414581775665,1.0518279075622559,0.015971390530467033,-0.0875171422958374,0.6488789319992065,0.5942592024803162,0.32094189524650574,0.3504403829574585
1079.0,-0.2181529700756073,-0.6889274716377258,1.8016458749771118,-0.5269982814788818,1.3975322246551514,-0.11387009173631668,1.051181435585022,9.967241203412414e-05,-0.08605916053056717,0.6248438954353333,0.6179251670837402,0.33556148409843445,0.3393186628818512
1080.0,-0.276063472032547,-0.6785805225372314,1.7880586385726929,-0.49440163373947144,1.222700595855713,-0.23648440837860107,1.0523831844329834,-0.03452254459261894,-0.088958241045475,0.5753403306007385,0.6634683609008789,0.36137354373931885,0.31337258219718933
1081.0,-0.30988502502441406,-0.6699706315994263,1.7633877992630005,-0.4458043873310089,1.116876482963562,-0.3202750086784363,1.058073878288269,-0.05670012906193733,-0.0863691046833992,0.5424245595932007,0.6905592083930969,0.3762468993663788,0.295536607503891
1082.0,-0.25081780552864075,-0.6865484714508057,1.7947502136230469,-0.5085303783416748,1.2964589595794678,-0.18313314020633698,1.052814245223999,-0.019100947305560112,-0.08474625647068024,0.596534013748169,0.6448104381561279,0.35078662633895874,0.32452356815338135
1083.0,-0.27176716923713684,-0.6881682872772217,1.784615397453308,-0.4858669936656952,1.2309080362319946,-0.22919541597366333,1.0566020011901855,-0.03237549215555191,-0.0783907026052475,0.5770984888076782,0.6612328886985779,0.3611103892326355,0.31516319513320923
1084.0,-0.29551032185554504,-0.6836835741996765,1.7682931423187256,-0.45280179381370544,1.1540751457214355,-0.28800538182258606,1.060674786567688,-0.04750221222639084,-0.07535445690155029,0.5533390045166016,0.6810628771781921,0.37219300866127014,0.30239343643188477
1085.0,-0.21712680160999298,-0.7014943361282349,1.7942628860473633,-0.5091363787651062,1.3991974592208862,-0.11228945106267929,1.0574973821640015,-0.0004743235185742378,-0.07112544775009155,0.6249060034751892,0.6172317862510681,0.33592700958251953,0.3401036560535431
1086.0,-0.14631079137325287,-0.6977555155754089,1.778387427330017,-0.4990254342556,1.618351697921753,0.031244119629263878,1.0619304180145264,0.03926637023687363,-0.07054464519023895,0.6821469068527222,0.5559213757514954,0.30007779598236084,0.3682124614715576
1087.0,-0.10647730529308319,-0.6887252330780029,1.7504136562347412,-0.4603831171989441,1.7387447357177734,0.11418208479881287,1.0686461925506592,0.06198658421635628,-0.06955966353416443,0.7127186059951782,0.5204920172691345,0.27732762694358826,0.37974944710731506
1088.0,-0.16855566203594208,-0.7026388049125671,1.7854968309402466,-0.5060480833053589,1.554378628730774,-0.010680804029107094,1.0612671375274658,0.025862932205200195,-0.0679711252450943,0.6660759449005127,0.5735699534416199,0.3111395835876465,0.36132049560546875
1089.0,-0.2509472072124481,-0.6974022388458252,1.7884079217910767,-0.49360743165016174,1.2905839681625366,-0.18597601354122162,1.0583363771438599,-0.0197533518075943,-0.07163958996534348,0.5939886569976807,0.6461072564125061,0.3528444766998291,0.32438206672668457
1090.0,-0.27573832869529724,-0.6965370774269104,1.7771153450012207,-0.4693077504634857,1.2136836051940918,-0.24025140702724457,1.0617144107818604,-0.0354604572057724,-0.0669729933142662,0.5712297558784485,0.6652419567108154,0.36475852131843567,0.31321072578430176
1091.0,-0.30431193113327026,-0.6879703402519226,1.7557584047317505,-0.42750194668769836,1.120901107788086,-0.31330370903015137,1.0663090944290161,-0.053880464285612106,-0.06555242836475372,0.5421688556671143,0.6892325282096863,0.3777658939361572,0.2971608340740204
1092.0,-0.3436620533466339,-0.6633391976356506,1.7174389362335205,-0.3576098084449768,0.996430516242981,-0.42647960782051086,1.071736216545105,-0.08101336658000946,-0.07179765403270721,0.5001827478408813,0.720493495464325,0.3945606052875519,0.27391281723976135
1093.0,-0.33512449264526367,-0.6752579212188721,1.7223656177520752,-0.3654661774635315,1.01908278465271,-0.4021100103855133,1.0738193988800049,-0.07548847794532776,-0.06240256875753403,0.5077641010284424,0.7144700884819031,0.3923661708831787,0.2788492739200592
1094.0,-0.3594369888305664,-0.6597957015037537,1.68373703956604,-0.29495319724082947,0.9329038858413696,-0.4887959063053131,1.0825040340423584,-0.09388110041618347,-0.059145405888557434,0.4756894111633301,0.7357189059257507,0.40486279129981995,0.26176974177360535
1095.0,-0.4006883203983307,-0.6091562509536743,1.5898727178573608,-0.12374752759933472,0.7843344807624817,-0.6851378083229065,1.1001485586166382,-0.1291200816631317,-0.06263906508684158,0.41192591190338135,0.772832453250885,0.42601293325424194,0.22706830501556396
1096.0,-0.3659543991088867,-0.6470236778259277,1.6831107139587402,-0.2959395945072174,0.9219725131988525,-0.5042988061904907,1.078721046447754,-0.09828253090381622,-0.07159602642059326,0.47238150238990784,0.7386025786399841,0.40517911314964294,0.25913679599761963
1097.0,-0.3847322165966034,-0.6273996233940125,1.6416363716125488,-0.21922670304775238,0.8519667387008667,-0.5911940932273865,1.0871729850769043,-0.11373483389616013,-0.07084372639656067,0.44308045506477356,0.7565057873725891,0.41506657004356384,0.24310176074504852
1098.0,-0.4102184772491455,-0.5887457132339478,1.5688823461532593,-0.08496773988008499,0.7576558589935303,-0.7363467216491699,1.101231575012207,-0.13749849796295166,-0.07262168824672699,0.3986595571041107,0.7805092334747314,0.4288349747657776,0.21903537213802338
1099.0,-0.39656445384025574,-0.6099929809570312,1.6174569129943848,-0.17645813524723053,0.8153079748153687,-0.6442825794219971,1.090453028678894,-0.12401912361383438,-0.07634525746107101,0.4271911382675171,0.7657273411750793,0.41987884044647217,0.2342459261417389
1100.0,-0.32642462849617004,-0.6692520380020142,1.7439343929290771,-0.4080750644207001,1.0601893663406372,-0.36706337332725525,1.064456582069397,-0.06853878498077393,-0.0781983882188797,0.5232397317886353,0.7042355537414551,0.3851861357688904,0.2861892879009247
1101.0,-0.34673091769218445,-0.6538056135177612,1.7213777303695679,-0.3672318160533905,0.9958354830741882,-0.4297797679901123,1.0674011707305908,-0.08274534344673157,-0.08304458856582642,0.5008510947227478,0.7208159565925598,0.3934763967990875,0.27340275049209595
1102.0,-0.36699697375297546,-0.639116644859314,1.6906160116195679,-0.31169265508651733,0.9287924766540527,-0.500188410282135,1.073570966720581,-0.0983676090836525,-0.0831313505768776,0.47583651542663574,0.7372517585754395,0.40297931432724,0.2600906193256378
1103.0,-0.38328492641448975,-0.6245503425598145,1.6547034978866577,-0.24491222202777863,0.8673896193504333,-0.5739927291870117,1.081600546836853,-0.1117924228310585,-0.0802878588438034,0.4504055380821228,0.7528132200241089,0.4119124412536621,0.24644578993320465
1104.0,-0.40513086318969727,-0.5950398445129395,1.602191686630249,-0.14993159472942352,0.7924738526344299,-0.6813772320747375,1.0911977291107178,-0.13138744235038757,-0.08383046090602875,0.4170777499675751,0.7715092301368713,0.42263323068618774,0.22847546637058258
1105.0,-0.3500344753265381,-0.6457869410514832,1.7229422330856323,-0.37220871448516846,0.9923946261405945,-0.4353478252887726,1.0643460750579834,-0.08478391915559769,-0.09167976677417755,0.5002891421318054,0.7218069434165955,0.3930513262748718,0.27242645621299744
1106.0,-0.3308480381965637,-0.6539028882980347,1.7503067255020142,-0.4236540198326111,1.0582256317138672,-0.3724950850009918,1.057354211807251,-0.07063551247119904,-0.09596901386976242,0.5238317847251892,0.7050737142562866,0.38368460536003113,0.2850569784641266
1107.0,-0.3134615123271942,-0.6587881445884705,1.7674604654312134,-0.4564147889614105,1.1139137744903564,-0.3249932825565338,1.053132176399231,-0.05851846560835838,-0.09893304109573364,0.542404294013977,0.6914913058280945,0.37540313601493835,0.29446542263031006
1108.0,-0.37637847661972046,-0.624091625213623,1.684026837348938,-0.3023221790790558,0.907910943031311,-0.5271629691123962,1.0710313320159912,-0.10506165027618408,-0.09494930505752563,0.46851682662963867,0.7425093650817871,0.4048589766025543,0.2554624378681183
1109.0,-0.389760822057724,-0.6118485331535339,1.6501975059509277,-0.23936055600643158,0.8560813665390015,-0.5926929116249084,1.079257845878601,-0.11670706421136856,-0.09102633595466614,0.44634556770324707,0.7559177875518799,0.41239410638809204,0.24350567162036896
1110.0,-0.4158874452114105,-0.5728262662887573,1.5817792415618896,-0.11418727040290833,0.7660608291625977,-0.7319477200508118,1.0914585590362549,-0.14075352251529694,-0.09629077464342117,0.40443965792655945,0.7789980173110962,0.42525818943977356,0.2207852452993393
1111.0,-0.4385319948196411,-0.5206584930419922,1.485501766204834,0.06749863177537918,0.6798626780509949,-0.9158028960227966,1.1102933883666992,-0.16617386043071747,-0.09882957488298416,0.3543838560581207,0.8026682734489441,0.43885502219200134,0.19375763833522797
1112.0,-0.42849284410476685,-0.546660304069519,1.5304582118988037,-0.017956024035811424,0.7168459296226501,-0.8285775780677795,1.1020241975784302,-0.15453891456127167,-0.09630399942398071,0.377240926027298,0.7923975586891174,0.43282344937324524,0.20605652034282684
1113.0,-0.4205382466316223,-0.5648856163024902,1.5534926652908325,-0.05958295986056328,0.7389453649520874,-0.779933750629425,1.0993409156799316,-0.14651891589164734,-0.0895145833492279,0.3894486725330353,0.7861820459365845,0.4299768805503845,0.21299637854099274
1114.0,-0.43782228231430054,-0.5188601016998291,1.4618932008743286,0.11675695329904556,0.6641275882720947,-0.9520512223243713,1.1185778379440308,-0.16753995418548584,-0.08687393367290497,0.34282952547073364,0.8070219159126282,0.44254016876220703,0.18799470365047455
1115.0,-0.446795254945755,-0.48528847098350525,1.4070122241973877,0.22221793234348297,0.6321135759353638,-1.0574605464935303,1.1287533044815063,-0.17988049983978271,-0.0910632312297821,0.3175787329673767,0.8173503875732422,0.4480758011341095,0.17409834265708923
1116.0,-0.4515523612499237,-0.4561103880405426,1.3500787019729614,0.33770617842674255,0.6050898432731628,-1.165627121925354,1.1411579847335815,-0.18899783492088318,-0.08785691857337952,0.2913428843021393,0.826643168926239,0.45406052470207214,0.16002951562404633
1117.0,-0.45767128467559814,-0.40001755952835083,1.2502838373184204,0.5386958718299866,0.5752211809158325,-1.3550769090652466,1.1626310348510742,-0.20427480340003967,-0.08695876598358154,0.24816016852855682,0.8402037024497986,0.4624082148075104,0.1365755796432495
1118.0,-0.45904654264450073,-0.34861889481544495,1.159375548362732,0.7260974049568176,0.5644932389259338,-1.5306274890899658,1.182950735092163,-0.21505996584892273,-0.08531583100557327,0.20844906568527222,0.8508166670799255,0.4684930443763733,0.1147802397608757
1119.0,-0.4591940939426422,-0.3070746958255768,1.0883314609527588,0.8700685501098633,0.5651103854179382,-1.6660674810409546,1.198912501335144,-0.22319930791854858,-0.08581922948360443,0.1775093823671341,0.8575413823127747,0.4727950096130371,0.09786764532327652
1120.0,-0.4542377293109894,-0.2467680126428604,0.9765760898590088,1.0899639129638672,0.5812861323356628,-1.866117000579834,1.2264388799667358,-0.231668621301651,-0.08184213191270828,0.1280864030122757,0.865839421749115,0.4784418046474457,0.07077742367982864
1121.0,-0.45113620162010193,-0.4384397268295288,1.3028194904327393,0.43669798970222473,0.5874966979026794,-1.250114917755127,1.1540253162384033,-0.1930246353149414,-0.07695462554693222,0.2700018882751465,0.8331979513168335,0.45907413959503174,0.1487652212381363
1122.0,-0.44731611013412476,-0.47231295704841614,1.3652305603027344,0.308695524930954,0.6103533506393433,-1.1296533346176147,1.140593409538269,-0.18402619659900665,-0.07908682525157928,0.29811426997184753,0.8236488699913025,0.45362263917922974,0.16418571770191193
1123.0,-0.4411521553993225,-0.502636194229126,1.421331763267517,0.19726376235485077,0.6393962502479553,-1.0234774351119995,1.128807544708252,-0.17380069196224213,-0.08031576126813889,0.3238016664981842,0.8143556714057922,0.44755879044532776,0.1779569834470749
1124.0,-0.41990265250205994,-0.5675756931304932,1.538956880569458,-0.029790330678224564,0.7267205119132996,-0.7985875606536865,1.105533242225647,-0.1471613198518753,-0.07859617471694946,0.38209471106529236,0.7890468835830688,0.43295735120773315,0.2096588909626007
1125.0,-0.4299401342868805,-0.5428881049156189,1.4887007474899292,0.06591983884572983,0.6833612322807312,-0.8919156193733215,1.1163080930709839,-0.15912464261054993,-0.0764213502407074,0.356302946805954,0.800428032875061,0.440380722284317,0.19603131711483002
1126.0,-0.41907602548599243,-0.5701926946640015,1.5269049406051636,-0.005268698092550039,0.7169893383979797,-0.8132457733154297,1.1107852458953857,-0.14744678139686584,-0.06899993866682053,0.37615442276000977,0.7912259697914124,0.43544718623161316,0.20701466500759125
1127.0,-0.43355533480644226,-0.5272273421287537,1.4489598274230957,0.1460261344909668,0.6558573246002197,-0.9639036059379578,1.1260513067245483,-0.16503682732582092,-0.06975120306015015,0.3365488648414612,0.8086294531822205,0.44550395011901855,0.18541724979877472
1128.0,-0.44134920835494995,-0.4952473044395447,1.3926588296890259,0.25592994689941406,0.6230965852737427,-1.0709059238433838,1.137378215789795,-0.1764468252658844,-0.07056660205125809,0.3104446828365326,0.8187452554702759,0.45161619782447815,0.1712399125099182
1129.0,-0.4542742669582367,-0.39351868629455566,1.2217450141906738,0.6040667295455933,0.5677551031112671,-1.406943440437317,1.1719402074813843,-0.20384114980697632,-0.07420369982719421,0.23437951505184174,0.8434227108955383,0.46577975153923035,0.1294359564781189
1130.0,-0.454816073179245,-0.34595435857772827,1.1377474069595337,0.7786377668380737,0.5605207681655884,-1.5703648328781128,1.191039800643921,-0.21320566534996033,-0.07204195857048035,0.1973935067653656,0.8525546789169312,0.4714563190937042,0.10915713012218475
1131.0,-0.4523017704486847,-0.3854708969593048,1.198499083518982,0.6566877365112305,0.563385546207428,-1.4514001607894897,1.1786894798278809,-0.20421259105205536,-0.06695723533630371,0.22324122488498688,0.8460651636123657,0.46806439757347107,0.12350262701511383
1132.0,-0.4491339325904846,-0.4329718053340912,1.278612494468689,0.4895266890525818,0.5786593556404114,-1.291514277458191,1.16180419921875,-0.19344425201416016,-0.0666312724351883,0.2588235139846802,0.836005687713623,0.4622001051902771,0.14309503138065338
1133.0,-0.44485411047935486,-0.46505206823349,1.3304784297943115,0.38419076800346375,0.5951230525970459,-1.1887638568878174,1.151602864265442,-0.18477576971054077,-0.06429856270551682,0.28169921040534973,0.8286236524581909,0.4580208659172058,0.15570896863937378
1134.0,-0.44786790013313293,-0.425452321767807,1.2547715902328491,0.5407971739768982,0.5709471702575684,-1.3335837125778198,1.1688637733459473,-0.19452986121177673,-0.05878889560699463,0.2480640709400177,0.8386036157608032,0.46506255865097046,0.13756835460662842
1135.0,-0.4383702576160431,-0.5000492334365845,1.3828351497650146,0.27785933017730713,0.617279052734375,-1.080933690071106,1.1425979137420654,-0.1746845543384552,-0.0587514191865921,0.30581632256507874,0.8196842074394226,0.45379456877708435,0.1693064272403717
1136.0,-0.43147990107536316,-0.5301620960235596,1.4371933937072754,0.17076346278190613,0.6486591100692749,-0.9776105880737305,1.1313960552215576,-0.16426150500774384,-0.059298075735569,0.331128865480423,0.8102114200592041,0.4476970434188843,0.1829712688922882
1137.0,-0.42160212993621826,-0.5640446543693542,1.491377830505371,0.0638105720281601,0.6877462863922119,-0.8678858876228333,1.12198805809021,-0.15225070714950562,-0.05504734069108963,0.35855019092559814,0.7981192469596863,0.44167521595954895,0.19841988384723663
1138.0,-0.37441760301589966,-0.6466870903968811,1.6511036157608032,-0.23503975570201874,0.8757185935974121,-0.5551729798316956,1.0899426937103271,-0.1061592698097229,-0.056091733276844025,0.4523810148239136,0.7499979138374329,0.4132031202316284,0.24923434853553772
1139.0,-0.39150771498680115,-0.6255888342857361,1.6064270734786987,-0.15285445749759674,0.8092097043991089,-0.6444590091705322,1.099289894104004,-0.12115941941738129,-0.05445772409439087,0.4230070412158966,0.7665559649467468,0.42303767800331116,0.23344403505325317
1140.0,-0.4111081659793854,-0.5895794034004211,1.5324950218200684,-0.013379355892539024,0.7257031202316284,-0.7864210605621338,1.1147557497024536,-0.14079439640045166,-0.05149032175540924,0.3802870810031891,0.7882207036018372,0.43576285243034363,0.21023933589458466
1141.0,-0.3990269601345062,-0.6154643893241882,1.5753179788589478,-0.09483053535223007,0.7726439237594604,-0.6988074779510498,1.1073797941207886,-0.12887674570083618,-0.04822035878896713,0.4051651954650879,0.7755516767501831,0.42908281087875366,0.2241622656583786
1142.0,-0.361130952835083,-0.6635155081748962,1.6736178398132324,-0.2756959795951843,0.9193769693374634,-0.5008701682090759,1.0872224569320679,-0.0957740843296051,-0.0503946915268898,0.46988680958747864,0.7386912703514099,0.4077564477920532,0.2593768239021301
1143.0,-0.3373090624809265,-0.6824269890785217,1.7095669507980347,-0.3404051959514618,1.0014445781707764,-0.41616109013557434,1.0805258750915527,-0.07780224829912186,-0.04927966743707657,0.500530481338501,0.718657910823822,0.39609792828559875,0.2758740484714508
1144.0,-0.3835875988006592,-0.6399713754653931,1.6172266006469727,-0.17161603271961212,0.8290361166000366,-0.6130743026733398,1.0998772382736206,-0.11472289264202118,-0.04539734870195389,0.43136849999427795,0.7614536881446838,0.420987993478775,0.2384924441576004
1145.0,-0.3631461560726166,-0.6668779253959656,1.660496473312378,-0.2509497106075287,0.9026393890380859,-0.5171133279800415,1.092901349067688,-0.09801415354013443,-0.040436260402202606,0.46253377199172974,0.7426179051399231,0.41111430525779724,0.25605928897857666
1146.0,-0.34458160400390625,-0.6852303743362427,1.688576102256775,-0.301173597574234,0.9654189944267273,-0.44868966937065125,1.0887222290039062,-0.08389738202095032,-0.03624027967453003,0.486421674489975,0.72728431224823,0.4024800956249237,0.269186407327652
1147.0,-0.31986451148986816,-0.7029250860214233,1.7216918468475342,-0.3614178001880646,1.0517576932907104,-0.3656617999076843,1.082617998123169,-0.06623594462871552,-0.034886181354522705,0.5173385143280029,0.7054319977760315,0.39068612456321716,0.28651517629623413
1148.0,-0.2774052619934082,-0.7235428690910339,1.7545922994613647,-0.4225063920021057,1.1906541585922241,-0.25299227237701416,1.077723503112793,-0.03835959732532501,-0.03073987364768982,0.5619461536407471,0.6705576777458191,0.37120893597602844,0.31108349561691284
1149.0,-0.2886069715023041,-0.714956521987915,1.6975417137145996,-0.2686172425746918,1.1597520112991333,-0.33329033851623535,1.0888421535491943,-0.049288421869277954,-0.017836056649684906,0.5541694164276123,0.7021698355674744,0.3509244918823242,0.2769581079483032
1150.0,-0.3161015510559082,-0.7017043232917786,1.6768330335617065,-0.23608864843845367,1.067705750465393,-0.4139914810657501,1.0929070711135864,-0.06770610809326172,-0.01925715059041977,0.5205806493759155,0.7239170074462891,0.36753788590431213,0.2643025517463684
1151.0,-0.34130680561065674,-0.6897268295288086,1.6719024181365967,-0.2556539475917816,0.9734674096107483,-0.463504821062088,1.0943317413330078,-0.08331532776355743,-0.02507578581571579,0.48739370703697205,0.7328517436981201,0.3952975869178772,0.26289838552474976
1152.0,-0.3652117848396301,-0.6696927547454834,1.6451219320297241,-0.2222471535205841,0.8840463161468506,-0.5363191962242126,1.0992224216461182,-0.1003735214471817,-0.02976321429014206,0.45414817333221436,0.7471330165863037,0.4147201180458069,0.2520895004272461
1153.0,-0.39410650730133057,-0.628023624420166,1.5697628259658813,-0.08349674195051193,0.7724387049674988,-0.6921564340591431,1.1132537126541138,-0.12558706104755402,-0.03207783401012421,0.40414929389953613,0.7750523090362549,0.43071407079696655,0.22459490597248077
1154.0,-0.3803502917289734,-0.6479328274726868,1.6158236265182495,-0.16876092553138733,0.832328200340271,-0.6052700877189636,1.1028990745544434,-0.11262762546539307,-0.03654243052005768,0.4323376417160034,0.7603306770324707,0.42138928174972534,0.2396095246076584
1155.0,-0.4111674726009369,-0.5899439454078674,1.505358099937439,0.03908417001366615,0.703656792640686,-0.8221953511238098,1.1247942447662354,-0.14280909299850464,-0.03542625904083252,0.3672185242176056,0.7931824922561646,0.4408562481403351,0.20410257577896118
1156.0,-0.42161452770233154,-0.5576685070991516,1.4498034715652466,0.14700742065906525,0.6591020822525024,-0.9311648011207581,1.135331630706787,-0.15522927045822144,-0.036961667239665985,0.3386877179145813,0.8057474493980408,0.44790151715278625,0.18827085196971893
1157.0,-0.4095615744590759,-0.5937325954437256,1.525071382522583,0.0011226022616028786,0.7207422852516174,-0.7916642427444458,1.1187889575958252,-0.14017485082149506,-0.04286797344684601,0.37718555331230164,0.7891308069229126,0.4373777508735657,0.20905601978302002
